11850
40062
18496
17259
17799
34854
490
19247
35664
48878
1862
20911
24043
31038
7937
37039
23900
30165
28980
610
783
3463
34501
2714
3207
28044
28661
32866
16728
38048
25285
35494
18468
16970
22573
5729
398
13241
47749
42077
37834
32595
894
31637
2751
39821
33829
23355
17951
50846
31098
31810
19598
12334
23952
4011
43978
31220
4197
23588
33567
9361
24221
44670
26429
2155
3163
10398
1144
45345
25304
44582
15043
39334
32896
29281
44152
11693
8662
1129
19614
45770
22023
1632
24728
27636
27864
16987
43203
19448
25505
22758
19774
8254
43354
21432
18136
28224
24682
29434
21054
16912
12034
35390
21589
1431
20145
37438
14067
33060
19518
35267
37325
19883
40951
3144
8234
15136
25839
47170
12641
46966
23428
25990
14896
17498
4270
50277
21161
25859
1386
1955
18106
18495
27784
15022
19217
44438
22776
26797
1263
41382
33880
1779
3315
42560
15613
13482
49420
43796
28226
17126
45017
12642
27530
12710
38862
14897
20638
14044
12914
32081
29256
43136
784
1164
38535
7680
1837
3956
2045
8284
18047
10008
34961
2857
43762
24629
14963
44432
3170
46991
18126
45211
30186
9177
7787
34920
16695
37333
3240
25744
9981
26958
11006
29992
41646
3355
2580
744
29689
26083
31629
10257
36123
12878
12084
34855
36739
563
1001
45171
38108
32168
20499
16644
44746
50090
10341
18662
33105
19842
31458
29467
1318
48638
47140
34975
2564
34006
41748
47264
50121
22677
29808
36366
15728
33725
23743
3405
37461
32079
50231
27720
24499
46856
22455
13879
2995
25346
33719
23637
21367
16520
29052
29288
16876
12931
41176
776
44336
12329
26261
33841
26759
2420
48511
38921
20080
34280
20896
1217
30577
43482
14793
24857
44801
842
38600
30943
19833
20571
38415
4008
16981
9658
19721
32886
42502
12523
41306
2747
32443
49245
723
2005
7912
12024
14377
35437
25003
36537
18813
20218
1259
13244
15795
769
31801
391
29072
42234
46575
15242
7242
16839
2848
40711
26822
40889
25079
23728
10951
2626
36575
7384
3090
41743
1550
39051
2485
28964
50023
22203
27920
19702
29043
11724
40256
2999
13940
19584
10609
44492
12344
25869
311
35266
25746
2019
32170
30119
19861
1394
34660
23864
18357
15938
50081
18402
48025
10601
2609
11889
35520
14964
32122
15047
31923
9995
29771
29618
18663
634
17694
33251
15617
1053
3902
8354
2729
35981
24432
44236
10543
2594
33906
18889
21817
24514
32491
43241
44228
16802
30704
48935
821
44455
24580
38785
9953
11654
9241
23667
23269
47281
11981
24584
22911
32194
44012
24472
20460
14093
15775
26253
42635
3386
10983
30114
10101
26060
37705
14966
10481
23130
6477
23867
35403
18385
24033
26639
2534
25694
44708
19850
2055
11461
2744
10081
24634
36045
38773
1014
10334
42091
29503
10798
34747
37301
24769
2988
13023
1275
27568
2845
37852
999
29494
4305
39827
820
34538
21158
16698
21122
1758
37273
2973
37199
37736
33103
25735
41968
30648
13703
19139
19183
40156
23621
19283
23840
27517
36078
45724
18835
8804
36248
20748
46611
32678
42903
1391
27544
21502
49252
23876
37492
33889
33337
964
17123
38044
991
2246
48246
28928
32398
18373
35306
7783
37792
3728
33279
15669
49499
567
2133
1571
901
26978
22289
2689
427
9574
12352
1456
14455
20903
32530
27071
4037
18400
35675
3392
34324
45444
29893
26177
37148
41213
21892
29422
2338
1472
653
23061
18334
27977
2788
36026
15643
30295
22762
49030
1978
30199
1255
24019
27414
41959
26915
15635
18606
25590
31591
48629
13043
21582
34259
23117
1792
30611
26113
12644
9079
40508
17993
9254
20775
29053
649
10420
3139
26273
25027
3032
1200
23781
27833
2937
36990
8909
13416
33787
49414
43421
11002
12558
34840
29710
15106
2493
15560
21262
2450
24053
24303
14505
24510
36704
38360
28819
36570
33840
29466
33381
31080
2454
2413
42051
46058
20664
23190
29862
15721
2028
8676
3337
29631
35102
9340
10279
29213
35330
36332
37230
49959
36069
275
8204
44128
12912
15349
14572
20367
8869
22544
30565
926
35716
22151
46235
2881
42653
7309
9113
48733
21310
14351
2630
16624
3082
14164
3280
35514
14666
37633
36702
13589
16781
40381
26251
49602
12351
24854
50250
8993
1478
25351
8801
3334
1206
50850
20762
24189
12274
27477
43659
1360
2032
32833
21117
45825
46439
16972
15359
8981
38192
42073
13561
40760
13615
1538
41313
1119
10564
29834
893
47744
30477
14085
38848
5361
25915
31219
31743
25200
37368
36398
3831
32153
35669
17796
993
14644
19977
22278
786
22891
32458
13430
21304
28683
27603
36542
45029
12453
2608
10356
3094
43977
48197
31295
5988
2378
44047
44359
20334
44343
43304
36178
18689
34021
24226
38093
2469
26567
40559
7461
15937
36594
16126
25981
14102
3712
48830
33912
33584
16609
26175
33247
22908
24740
26116
1688
43873
28879
26172
30319
1884
17012
28795
44017
36048
1261
19415
30613
38344
12325
26286
2923
49702
42031
10135
20557
36168
40878
42038
19014
38831
19859
10732
26064
16602
26733
25995
16057
26537
29875
597
12857
32385
30240
38483
24028
35972
14697
31824
22651
24488
39663
1488
40454
14024
20146
11072
8872
2381
20050
1073
27053
23768
28273
4261
28738
25475
16338
8403
36621
9446
2933
9535
43401
9047
12248
8485
2215
26103
36561
36590
13582
39461
27356
12614
2977
23957
46144
29207
10196
11712
24435
32451
37472
48148
36171
38623
23776
27440
32188
24587
2359
25487
511
32585
31919
22333
27664
8995
25836
38509
18767
37308
8021
3103
2253
30825
27770
15080
3395
36263
2482
654
46118
33797
10652
25642
1237
1842
12665
38500
49718
45836
10757
42764
11121
17564
4025
7865
48295
23963
39090
13182
15605
652
39011
35615
26154
2720
21044
20650
14504
41064
41214
12263
33740
17541
2924
27960
1299
631
27070
3267
19629
42287
17955
9328
49029
25158
34691
49589
33296
34427
33807
25516
26016
37936
46550
8231
1030
18439
34499
49356
43742
11579
26355
23246
47309
1520
47503
36977
37848
1815
15539
36092
7700
5220
21564
9067
7864
23522
44542
33015
2777
24222
34175
28283
32342
25352
21429
18908
23929
2114
38818
32201
16605
44791
31206
42678
30563
18977
38205
10176
48870
10401
31402
1294
20047
37482
24365
9743
27959
40238
2683
17732
32206
50289
24147
14549
24825
17229
8712
47383
943
18682
45446
5801
10144
2590
38928
34301
2748
30079
50195
28420
2778
12727
22478
19956
27946
22680
44298
9098
24543
25401
29248
31239
3028
9146
25771
3774
11034
28328
16834
19617
7425
3055
13782
12687
9052
20293
20366
28361
48967
14497
1304
37742
38033
29655
8918
22462
47774
18222
10320
1578
25473
29332
1430
14936
387
33888
1484
28731
35979
19789
3356
4184
12734
23228
33031
16978
1453
11078
7607
2537
21010
49371
17650
28943
13905
47320
25240
1530
20796
19631
19693
32038
36701
12783
23997
2717
44207
50114
3961
1158
22195
31953
45930
20157
27320
10377
40857
3981
2223
28063
47495
19145
18451
1480
31955
23370
50779
27266
25463
3075
31739
23542
17587
10948
4124
49949
36119
9652
5056
33289
9729
3455
36697
35555
1463
19147
36431
19673
40342
45979
25159
15452
43892
20809
30124
33096
38423
341
42104
37774
2250
29398
23258
8747
37854
10879
4308
44249
36568
2270
9737
646
23709
38362
3412
30273
38424
33718
34542
23740
22075
3963
32195
2418
21543
19864
3498
7833
8422
8910
16973
43974
15324
16948
20073
47262
34675
7532
60
16081
49166
2804
9911
8738
37087
42704
34839
2491
16459
27137
35066
1303
801
1186
22357
33608
14884
5692
24495
18132
43455
41888
35656
26130
43575
6222
27087
32332
1656
41732
39502
31287
7667
3839
32670
13980
41488
19439
43867
22482
22841
13444
46810
26492
13567
5172
37504
19091
2794
45992
2260
519
18558
19801
7429
9908
962
36744
2343
33041
50082
35956
7791
10612
32978
22909
20697
24768
18572
2552
17971
34761
14899
33784
26608
19595
1738
1434
37146
10019
19811
7531
41675
1441
8420
16654
8140
21915
40355
39344
21540
14558
30137
32115
339
3478
50688
38179
40299
26679
46263
18384
10537
28966
11148
1081
1642
7868
38644
16699
960
24862
15663
21017
40821
910
20832
7612
10956
36192
20414
41129
38809
35783
31018
18049
1806
33913
385
46607
31592
23511
30760
28132
23931
35860
39696
19155
27508
8808
2269
36863
26008
43596
10719
35811
2170
29605
21130
9000
23706
50094
45994
23600
33886
44054
49158
3702
23557
803
21009
3344
426
37198
904
13693
15309
14914
32371
17878
1711
49925
11738
18597
7740
9229
10929
778
9027
3808
43618
29671
16613
8871
17090
42470
38167
21961
44782
23660
10207
28572
2889
10997
25528
36547
15320
31437
43347
35256
40348
19686
456
41618
33997
41722
27808
4054
29023
556
31746
46586
26566
36815
18831
30221
47875
3328
3357
20456
795
27896
23119
30381
24046
3686
735
50117
516
41134
7182
18412
19040
17239
27104
16025
16011
8697
44935
20277
47874
22766
15859
37263
30767
25697
29879
31352
14060
13858
20524
1142
992
1547
48807
11144
1438
12675
2423
45843
21336
33777
9434
8768
18112
33589
16630
34556
22736
26589
16049
2059
19046
4140
14708
32563
16639
36072
22833
23480
8501
7807
35851
3311
46552
17743
49153
28860
24112
2386
8470
11528
338
13562
24206
7876
12401
49850
19302
40759
27255
13434
22983
18363
13514
9199
42655
17315
23565
35089
35199
30799
2424
22228
35785
34995
31388
8067
24095
27245
26920
1682
2330
2831
49561
27228
43404
33270
3022
15735
1313
22259
32335
12407
18196
2427
1897
10366
16301
15156
32559
16006
49053
25493
43788
38988
1155
14861
41978
50587
41508
22755
29392
30474
2715
31446
15388
33266
32049
15261
34171
25198
33874
49235
362
24475
32511
21413
26594
19768
15684
1631
19601
13284
47393
33180
16550
33230
9581
18672
42246
1693
1959
9460
2671
10303
46079
12714
173
1644
9062
17998
39440
8663
47533
2670
7952
25482
19100
14534
34930
20787
15515
3968
24770
19752
35879
1964
10567
8946
7767
422
12133
19304
2397
44361
13746
16740
28138
20053
26271
7609
12897
21856
14901
21660
21956
30241
38836
20288
24559
42982
9228
14441
34035
43359
22403
2067
44526
44254
12237
11389
21943
16366
33934
4352
28334
50298
32735
45026
19126
49832
10702
472
982
35212
31609
32125
17611
9415
11739
36054
16857
17859
44164
45851
941
18381
13524
30055
13306
8157
4273
26316
26919
915
730
24000
15625
9723
25251
17898
936
16408
45027
31430
18550
32310
41135
8051
19782
1917
918
41088
22435
8199
26785
15832
34674
10648
15467
45939
41316
12023
40149
35600
18640
29145
21241
36534
31520
482
44517
27916
43641
10265
20513
32959
50230
42516
4253
43620
44449
32728
24511
3285
38480
13949
1663
44427
24533
49973
13426
19362
44529
38970
44050
49250
8433
36796
9820
23430
9624
20127
50160
28711
17051
27764
5932
13352
34234
34767
30151
33852
28298
7495
18371
17204
4058
22705
14973
31716
27748
2958
39429
20469
24962
25617
2555
19681
17005
29817
34452
8912
15624
49041
30915
40527
3962
22136
23741
25033
24249
31582
15410
11945
44423
21910
2674
10264
22948
408
1499
28086
44495
30804
2567
10700
20769
19295
4083
11975
2913
2289
1596
19382
20252
28317
23575
7843
34590
24350
42265
16977
7347
4114
44426
955
7274
10329
29738
27481
1834
44694
699
29890
35244
2143
18347
19496
9087
29430
6194
28540
36633
41420
1193
9673
32812
17467
747
21751
38270
1072
45060
15729
4168
47328
45557
30075
34859
23345
377
2966
11119
17275
44135
28871
29896
23831
24312
946
12298
26325
34365
2274
38864
3720
31406
13817
11354
8484
38186
3842
34652
45351
38370
32474
36467
49169
3137
7596
21667
10372
12814
31241
1715
3691
26043
19017
1683
27924
29045
644
30330
22984
25632
12668
49856
44194
30439
29938
9382
31393
33792
24936
466
1176
16034
17173
42152
20579
21040
14787
15740
31886
17293
35224
24523
32604
26003
44187
3221
15679
18107
31305
35643
26257
26595
3223
7026
8862
44007
48863
39681
9781
44129
45873
9717
702
33702
28321
18675
33626
28068
48727
22245
33745
431
45166
33365
43889
31272
31408
22424
11124
50064
17556
2508
20807
25247
40271
46528
14423
20643
389
9649
30552
9733
1506
23785
11392
47023
40303
37204
291
2931
13144
15401
3634
35412
16705
37390
43021
31209
19306
39385
10715
8754
25326
16405
16851
13918
9317
37282
15443
32506
4111
48096
31984
28408
12506
42214
629
31276
32909
36297
12740
44906
20084
17182
18224
32834
18518
39189
20594
27503
26453
44071
27421
44757
35015
7469
14295
24066
18418
27520
41649
636
40905
24747
28501
23275
10703
25374
24630
2805
17769
30153
856
41269
36079
29866
32272
2951
24744
18803
31136
39687
2665
38190
38783
13256
42911
41712
40282
3015
16508
34354
23799
24622
22160
36623
29953
22751
25605
29236
1424
33586
19715
26030
1999
13359
47081
1985
24433
34544
14669
3500
1805
32139
17671
35359
16088
11408
41186
16915
25714
1623
31397
3909
4139
40770
50150
7816
29557
10354
33293
22256
1097
8942
23392
43992
31077
15035
50053
14262
27272
33618
36341
7448
32612
983
16020
15009
34238
2257
21739
2587
2453
8677
2211
49543
28666
4625
22635
18343
25403
22882
22099
39059
41419
26530
2192
14906
26391
23348
50222
9488
47020
13835
348
27785
35712
41663
12028
1625
27196
5875
25972
17524
45264
41490
26602
38118
29856
19483
32058
30932
11103
1060
27736
30899
22137
17633
29805
50164
10049
27541
36505
35965
9878
8635
35272
29051
23937
27269
22315
25960
31231
13254
44561
21142
19465
27082
3439
2610
44754
682
42323
50128
2770
1459
3105
45529
10607
41320
5688
3299
16331
13062
32422
11687
23775
22853
3492
44430
9070
35321
4009
43556
28020
17110
1390
28996
11393
1051
47698
18829
36496
47559
34479
20455
1483
30853
35409
9889
19022
3818
753
11844
3359
1291
37565
27563
7683
39265
44303
43128
40400
2607
24973
23696
5302
26208
33820
28825
2542
22946
4063
32052
4290
31304
32233
15854
2078
30323
17113
18718
8984
2009
2780
36354
33960
14995
1689
21058
1866
20498
8441
43280
8874
32749
21269
38466
32771
1537
20238
13678
41975
2014
2035
2800
24048
50207
48000
35436
959
14001
8769
28461
3097
35724
16538
16316
45112
14153
20648
36491
8864
36776
34236
20404
10747
8647
33129
32810
3363
9238
23868
27339
21338
47953
3020
4099
45498
33538
27908
32835
41880
31802
9935
1936
27712
692
31625
29220
995
46068
22710
34369
45258
40740
18367
32761
39530
45374
33295
34587
23059
28607
1310
1974
14128
36403
14813
31996
14769
26086
21485
19503
19719
15044
24273
28852
13261
7722
12132
16585
16743
29149
30774
34003
27600
18263
49032
1770
24990
36750
38194
17628
25585
8636
28982
27913
30593
8675
14480
3133
15304
29640
31902
26788
25310
7515
42306
2648
25404
7439
16072
11660
1474
669
8825
33697
3800
26212
12882
11193
50016
7553
17674
36291
1247
21878
28681
8845
3748
16465
44672
19701
18788
23199
39145
21424
450
930
3057
3070
20764
1016
44617
34944
38364
21962
21767
12002
20574
28448
10197
36784
14322
11130
19059
1350
33864
47803
3029
20258
33012
22671
7713
26692
32546
33990
36108
8887
9793
10853
9613
39719
20773
43053
322
33946
41157
25084
28189
48530
23948
47921
28367
37625
11111
40172
31929
30787
21608
29629
44062
20208
10498
36772
11147
20687
46333
14452
35932
37094
14849
33278
2507
39573
12974
1319
3287
27448
1433
33705
14919
18082
16416
28292
23274
34786
3295
47196
3274
19967
2847
23169
30238
34273
31401
4917
892
3971
37594
17668
18532
14722
2084
41950
30154
28098
32154
48164
24566
34665
13337
38946
41475
23089
14246
44873
32775
18935
32907
34063
1224
41758
8947
30284
43164
2952
8026
35251
26238
46375
10198
2283
11444
26756
46344
14496
4341
26508
18453
36480
12494
35559
9059
41538
24810
24216
15485
1926
18111
46832
21202
18887
19263
12507
9384
7597
2864
27090
3051
47723
28159
17093
43647
19030
15249
140
39588
28841
12256
24341
49731
2299
19410
12178
35148
26416
14541
44272
33747
9626
12692
1840
7591
18674
20308
17667
17880
14292
3886
618
34045
2535
10096
24177
32433
11674
31465
23834
21005
44611
17161
22733
27531
2234
46594
28710
37166
20314
24929
15565
19950
2860
25375
28797
2016
25457
12197
23295
24983
14582
42328
43627
44574
46155
26427
27951
15812
9046
34149
44952
44482
33321
9164
14177
25419
42763
2863
38055
27480
24266
23721
44299
34043
14475
24981
2705
16868
2513
19611
50179
33125
26165
41253
11402
36613
14687
17410
2001
10744
36346
34572
20204
33810
23409
35938
15396
11530
18329
7571
13463
18023
2936
28625
3083
13952
16716
11440
45279
22716
25888
24279
41840
333
9436
29855
28069
13919
20639
36599
16684
29218
26828
35282
3009
21124
7885
35975
1639
21102
44265
3381
30410
17724
43523
29525
50226
30586
28272
26516
13490
32348
3043
22199
47864
40003
22997
9339
42438
17044
36044
44790
16920
18919
10457
30978
17249
1726
18927
20347
27821
13613
21145
30228
40635
7101
14445
25592
17107
2226
10152
1658
8972
14210
30634
39227
2099
41025
29931
23689
38137
1123
13191
25376
50172
32535
44235
28294
33897
34549
45278
4156
2532
14732
10335
968
518
20221
44444
42053
2086
33975
35386
5599
29139
33570
9173
36516
24429
49340
35185
369
33347
45625
3364
45787
35188
22518
38601
40610
1872
32075
17321
25050
36551
34138
19636
18719
8982
3289
22140
11098
17343
16245
44379
12006
672
26810
34586
15428
15046
13338
2561
1880
32527
28280
7651
15126
10079
20061
30879
12199
27472
44557
848
33002
26475
5242
27613
20739
8324
36572
7884
43979
43459
33737
19023
27856
501
33924
31389
46833
38338
23680
22886
20902
34663
32330
50170
32119
378
658
24989
40775
19207
28591
44897
11854
33490
17056
3727
9580
24878
13173
44317
10181
23788
11650
13756
28807
3237
2445
40165
49355
31359
23725
40681
3394
24118
37336
2266
43768
1794
14484
7560
453
37776
2521
48627
25147
13908
14095
2468
9983
12875
11623
43306
43348
23626
33027
27875
23429
20280
42977
2447
26580
37193
1376
11727
32450
31736
17400
40004
10824
1389
15418
29445
16276
18641
9283
1743
23892
15363
43408
13247
46135
28615
3976
39583
12826
20949
18391
41436
29382
20147
8495
17049
33858
27583
40382
40057
45723
10084
16982
22836
44159
33863
38089
29331
44074
12560
3199
38887
3460
31646
16746
21191
24002
28946
42282
34898
31932
29469
8701
39238
4072
19212
16261
37223
28484
16553
28891
8644
36831
10099
29524
3339
32223
15567
31473
24376
12394
8649
49376
21639
10515
29152
16076
2890
16852
13334
42656
15142
4303
14232
42577
34332
28932
2597
9367
38049
38391
7145
24915
10634
31281
36199
15787
38486
42471
18395
15716
24717
3035
32652
46688
3127
7535
29221
31416
32821
46451
9785
23517
33286
21420
4171
24377
14055
29803
345
1581
32426
31364
34820
20746
8212
35939
23340
37519
26525
34283
11136
45182
3615
23682
1101
31852
12501
14814
42289
34832
1107
33692
32956
9714
177
43018
39306
7875
28917
44519
21619
35132
39447
2332
40915
51178
34841
9099
40138
18668
10944
3941
661
887
23574
27612
36742
16577
29806
19140
26029
21884
26014
17283
16621
39207
41323
34497
8282
2033
29033
29901
22611
9503
25491
39031
31917
32722
31034
25075
12813
9999
46365
19660
22353
4302
10483
9614
2774
10328
43751
49723
16798
2980
42336
7886
17209
37422
43226
30145
29012
24116
34830
43988
10750
26782
392
26263
1850
4271
21108
33387
20008
27036
32057
19900
4238
25634
37885
9303
37056
2120
9732
41302
16372
13252
1679
26778
1980
17104
32484
12180
19572
44500
14323
27211
16623
23994
37324
25167
14623
15903
998
13968
23748
41872
28202
43399
26345
25445
20024
26645
22106
24882
17037
40819
17826
20247
3827
30447
40073
29980
42308
12916
36162
31973
9659
44541
10553
32373
14477
40914
30163
3154
20767
3436
476
1285
1194
38459
7778
850
34449
1317
1269
8169
19268
12406
7510
24072
1232
31004
19510
11855
46693
7530
1191
15449
2838
35579
18416
7860
1956
28662
1745
16820
28732
2960
39006
7817
32995
25041
44958
28172
19372
20167
44093
44258
1923
1573
23708
28318
3230
38292
20665
32557
28035
17457
2439
17704
30776
13476
32792
18571
25383
5476
11381
1918
2175
40482
35660
22575
3403
43158
48245
2426
28945
37752
22393
28535
36589
2776
34013
7802
25333
12999
10669
12125
45046
46772
16731
22457
49797
45602
34919
44917
24050
33673
46519
2666
18819
15389
23113
38582
15951
1678
18016
21446
33720
24272
14374
32198
3107
647
22995
2554
49659
17025
13251
50896
3213
32532
33499
12193
44428
4080
13778
2645
15820
8022
14121
8353
43771
28950
16739
13271
2570
27487
18362
35242
3511
35218
11666
29958
21204
35279
20934
25698
705
35944
22942
3407
506
21026
25177
20873
16404
1442
30646
1241
22986
4676
20674
22192
24647
35821
24075
36106
36549
29604
39965
36352
29928
24638
21023
2136
49395
9846
38038
23453
9947
8085
31534
24794
28994
7611
1031
29480
7942
25460
37134
25228
34079
31049
34376
45069
18857
49084
24842
14929
26838
7549
29835
36692
11893
25878
1485
20114
14395
43858
25243
17098
2909
22016
1091
2219
16101
28555
31300
31795
1646
1740
32953
15427
32340
45021
31178
35285
3224
36651
44020
18707
15607
31424
50152
13805
464
14642
44940
36439
11539
44785
15445
26110
23424
22923
19276
49485
14069
1375
22687
45260
30108
36646
396
20985
33152
16273
16565
34077
37105
3469
20059
27499
28155
39633
3189
570
29662
28490
8987
4059
37317
44043
5121
1920
20673
28371
19361
444
25931
2096
35477
14804
11417
47470
44967
42592
19218
42350
24730
18781
39299
27700
37269
448
33228
36666
33192
32707
19989
14645
912
12030
25377
15017
12455
30073
1684
15723
38062
1027
39829
44390
8406
16588
17011
40453
17586
9448
49947
50188
47372
23223
44198
18095
50155
28133
50177
22720
35540
21106
34664
27654
8844
28339
2628
17652
916
29789
1320
41931
32508
16461
33625
39099
26770
48858
3843
3193
27317
27403
25239
40944
27634
42483
8728
28482
1636
25924
26206
16842
26015
44649
35127
43449
908
12820
24126
2229
3227
37958
12405
27795
31159
33716
44613
9736
11328
18648
24041
2642
22679
29437
2812
2118
28037
19312
48868
32397
31865
7523
11533
839
21914
330
13753
3493
35801
10374
25707
9990
30949
43066
7928
47960
9771
16796
28333
22300
26772
29807
17832
28181
44394
22655
42262
1084
15601
22592
39488
24271
38733
25588
22314
21811
33922
31005
46883
18523
35560
6331
25724
13674
18405
13393
47345
49734
37615
38895
1841
34616
33704
14470
11387
36652
22368
20306
1723
32844
3155
28330
19944
20241
22579
28904
50038
30663
707
4416
21146
39078
36109
24951
50098
529
19912
32534
29438
44457
13535
21072
35606
29647
7587
43938
34713
29626
21716
20709
24541
3887
1848
32448
43463
20864
21155
8059
35264
27768
27034
17326
41571
26207
32431
39887
1574
2414
46448
2235
39132
26252
25985
35105
12290
22410
31939
18450
33879
30271
9668
23759
12949
37628
9068
17439
36946
28638
781
2606
43975
38786
2209
28444
44033
21021
9875
15750
8293
18586
23390
35729
35961
39239
1462
46100
13058
10704
3335
22224
31457
14714
23516
1111
19845
3931
29861
20905
32199
3618
27849
24063
24966
20882
28528
20482
2852
18316
20539
10091
26307
30576
1776
14955
25421
14424
25312
43665
28368
24797
31826
18657
19909
27528
46398
9103
18397
34768
3209
48720
8250
26241
10766
47655
18624
16701
31474
36037
25682
28726
24877
12206
21123
25922
40358
27804
26700
14733
14713
36277
2044
30196
29360
28826
12821
25306
8153
3423
14637
34811
18761
24434
40746
30984
2676
32874
5293
405
2524
35091
27806
27765
34762
21069
38742
38527
12955
8409
32944
29208
14192
25407
11190
33372
32994
413
42100
9289
14877
28532
2827
33896
37448
65
34032
21276
25148
34826
19432
23051
3447
38981
572
36471
28991
40530
36229
23596
33388
15345
587
17803
3397
27923
31326
8723
26706
47640
4276
8392
39773
10474
32138
11783
35085
14817
2726
34867
16826
12412
4258
29395
47799
2104
8417
7869
31576
44288
36709
2054
17863
21709
24803
46741
19484
15561
31725
33107
29943
42290
26510
27624
3218
2772
520
2156
37149
33093
34690
8187
50999
13502
23244
26011
9950
47937
23354
9313
8107
34443
1981
1889
2758
20395
21681
3438
27052
34831
37109
27212
20715
14786
26538
5491
16438
44084
44452
471
21662
22565
41259
1110
18133
13133
27562
49842
780
3276
19918
27885
19133
15446
17033
33316
31587
36874
8891
21606
28348
40341
36512
17215
9372
32390
27408
467
30518
26615
1604
10307
9867
2451
11852
27958
725
30762
39024
32008
13332
23440
36176
18352
32401
45077
29698
7430
18802
23477
8170
14042
28632
7841
32901
46790
27129
42005
9458
39538
22704
1860
28274
37869
28976
27094
22593
10458
14097
656
31006
28751
7630
47387
25311
7989
12950
34467
38028
28381
19726
35775
3059
45111
9778
26705
36976
37177
12566
32987
18728
376
36215
24665
29868
43789
33857
8418
2339
15400
44743
27683
5645
17211
37750
1947
2191
43045
14006
1822
49620
25813
44536
2723
22126
5878
46001
5318
35971
1234
32677
10376
29520
24885
23765
32169
2238
15206
39749
11605
41631
804
10830
14393
15339
35816
24307
31763
46835
42092
3217
49110
12933
19424
44448
17057
21234
17505
22759
31310
37234
29519
35448
16574
44518
44598
1011
49037
15520
47401
35823
40008
19633
21977
8639
25224
23663
40074
20364
25523
1267
41572
18387
25743
1408
32488
14158
43689
2499
19505
50026
29777
34710
24315
23678
35898
46834
29286
27663
23238
49717
3740
46310
23334
24692
7759
37338
40710
3282
16745
24497
639
17699
3477
29665
28062
24725
25804
27606
14547
19042
32408
29008
23178
21940
24011
18094
2589
1576
47587
16315
46937
27315
15415
10347
2875
4259
16159
51080
23852
49665
27901
24537
9308
8435
2300
25296
50042
21607
2773
3379
11914
22348
34316
827
25269
3329
1948
14213
459
40644
37066
29590
28957
9625
13313
3174
41999
2636
17345
582
8894
43405
12647
15140
42237
2818
8347
42701
27021
847
20430
1598
8154
2829
38165
10923
12109
31935
30656
14683
18830
42670
11884
36791
16324
37656
33909
10045
1050
10947
41349
23675
37762
20007
25480
35186
28439
29374
37825
8729
40232
18526
25899
799
3180
25967
44616
33620
8132
17948
35609
3738
3061
21666
18554
11851
10946
31530
30965
17725
19957
44756
33447
10705
39352
19868
9309
7797
22319
2144
19152
41611
349
17920
21936
45913
19626
47952
36039
2419
17991
19153
14046
15708
1736
37300
4333
36592
2517
28129
32594
22539
12071
1989
14079
14360
19334
20866
26670
4327
22660
43295
12371
44039
36741
12320
1010
12563
31404
28500
617
2150
523
41662
50165
749
10905
32210
30324
34760
9139
30452
41409
14481
6014
11731
9060
1603
33549
16500
38508
16721
3172
19249
12915
24776
38432
8962
22730
26959
18990
7949
31749
47967
35093
2870
24144
23263
30499
17167
10538
8068
9858
1608
26986
44802
18673
20155
19035
7588
13301
899
12893
24400
25627
49097
1078
24329
17236
1924
20462
36937
23910
402
4141
22534
10731
31177
26910
18401
20245
38361
28682
3146
31727
9559
2982
39068
34773
15622
47400
30280
3040
21419
1226
16519
39988
27514
28536
32973
27899
28198
19667
2193
10653
26145
16990
43557
8983
32468
25819
24750
19310
6368
9374
21403
31265
28052
1789
2393
31160
34503
17234
23592
20072
38590
44787
34714
27709
13105
28668
13010
21503
16507
24649
11982
32509
43644
2536
12972
186
15984
38880
14567
25139
3434
29954
432
15188
10642
1383
26765
17227
21213
15656
8967
34901
13946
28269
484
7822
29696
10804
24960
29432
17027
16848
987
23570
50019
643
37157
36622
14633
36462
34025
19906
18528
2036
29182
29825
15442
6999
45852
44508
33853
44451
1143
32518
37505
1411
27577
33981
17159
34474
30637
34639
20991
39010
33629
18790
29121
37471
44808
39572
2809
7892
12233
22978
12408
2912
2196
34436
40766
10073
9432
14235
18985
35989
25164
35145
17957
2162
41764
39599
35843
37989
49634
34894
20954
10582
27189
35673
3419
40913
40526
48604
16374
2125
14636
4350
11672
35952
23877
23344
43233
23388
26139
34654
37516
13478
32033
35485
15691
20698
1215
27276
44693
39445
7723
23076
9545
19008
2757
24883
34661
1165
36170
24268
20649
6987
13465
8253
32225
40826
17459
29558
24959
47282
17741
38838
25562
8202
24122
24830
26635
8000
34412
2763
124
23297
37501
49637
31641
16545
36166
869
37772
7606
21663
2198
39009
8242
1202
1858
18882
3426
905
20479
12103
49784
7521
39315
41151
44893
39560
35312
23391
29510
44424
41078
27454
24261
2598
4165
24466
24270
37316
14009
23316
34976
25462
14751
41265
44053
12076
41637
23431
31250
45962
40616
8407
40839
1099
23183
10400
641
35408
3631
17286
15985
19788
26151
49815
2017
33048
1929
49085
30952
35401
1287
47853
31444
25793
17919
13498
25454
10493
37474
29838
33687
24888
16649
10528
16601
9772
28722
3203
24209
704
42450
27564
32725
8658
3413
6819
9898
34348
20754
23844
10932
8708
3110
10783
27463
30418
39091
34076
17430
42473
15325
39680
10504
12870
44514
16956
37883
25835
12353
25095
8896
16266
17551
26210
9169
29088
10043
8933
11164
36118
9092
8726
12413
36639
41576
19138
16045
36520
13474
47840
19674
50092
37723
35750
20529
14327
20597
32185
13324
22433
21063
4185
24623
24863
44676
26663
24821
1469
8255
15711
16479
44024
13291
25644
4032
14472
8924
13216
48373
49711
29077
28529
7935
14434
25962
967
16111
1906
35794
361
14467
27068
40374
3805
13095
26960
32580
19497
41536
12749
44032
25766
23351
18720
16357
3518
33838
2956
39071
35793
40155
20941
8978
29337
23870
15574
22571
16989
12021
1772
28312
2855
13623
10098
26080
24554
10614
44431
24669
36849
23125
36695
26980
45591
31926
2301
8112
37224
23560
404
41718
20822
46108
39156
47314
9606
25331
30437
546
3131
16662
14591
37497
38510
23758
660
18164
33893
18346
809
49060
4100
27242
28564
7924
31382
31076
39183
23664
2417
45799
44036
2390
29859
9506
1756
22744
2431
30047
12629
22437
3621
49689
40816
7636
885
23285
28137
37312
33434
4195
12620
9561
13769
22597
732
34277
2438
15631
29506
49300
28350
32380
12883
2500
15913
35424
48667
2008
27140
14761
1305
2404
47009
31245
17575
14237
35562
20662
45585
83
1833
30064
39686
32703
23474
23737
30807
13189
12419
35548
3990
36289
1448
3302
7542
41442
23898
18331
8989
23218
24628
47204
25455
17028
18901
40022
35663
42890
31097
8241
48065
11191
44134
41683
41166
25917
11699
18341
47032
19832
18727
1444
33568
16579
43007
14734
3996
37758
9207
24065
2949
32539
657
10503
12304
2994
17240
18614
18909
13217
10593
15301
28498
28270
40725
18135
2547
18382
49857
9026
31381
26126
18896
20645
10799
24013
16980
14795
35813
30301
4043
13932
22686
4280
1353
7655
13991
920
22676
2214
46265
3235
19136
40949
45623
3062
37295
350
31153
26916
18671
30417
16013
45661
1580
13147
43054
10185
21684
2604
1046
40637
34110
37460
26763
49510
29443
50288
5509
28342
21388
2349
50452
16535
26699
48800
7547
21095
28613
31016
20863
24288
12545
880
25921
38100
35602
11185
2576
20130
2964
18225
12662
16464
44777
332
9114
31793
1732
20259
29175
21579
16582
32979
4251
22292
517
8063
43864
12335
36371
11384
13528
40205
18843
31787
12741
12456
11742
9986
17579
49526
7193
45460
10984
25800
22851
12660
32164
42052
35239
10718
30878
14272
423
40941
45524
40292
8035
21118
14920
39250
31561
5063
35659
447
8960
21317
36644
20716
35994
42834
19353
8371
15280
26893
24540
48862
1821
2345
34699
879
8963
33959
19692
1618
16729
33809
479
25583
33566
18589
31308
32282
32853
34788
10558
29978
34183
29621
10018
50887
840
45819
28278
36628
12397
3232
1265
23124
27645
23914
1135
19058
9507
27014
36375
12282
35839
5797
47881
9250
44076
24963
31636
531
2646
27258
37955
27446
39096
30557
22159
703
10225
2221
43061
1757
20296
50046
33532
15217
19839
20641
17369
23412
2865
1886
5751
39739
197
20500
33466
44995
24193
35439
1856
1289
1070
547
43895
36349
15675
10051
28001
38357
17715
41263
14253
19271
46338
33963
18457
2147
37934
34206
1357
33491
17685
44132
20387
28229
2000
10346
50274
27352
30468
9472
21612
34177
7161
28599
27929
1803
20449
36458
43662
23916
37264
33776
37062
23413
16924
13054
14819
1197
11120
47065
13780
1894
44926
19688
18858
49714
11648
26861
8710
19354
49161
3435
9735
27741
16021
19264
19963
47821
46048
19612
24496
48911
12270
29946
8109
2959
5609
18099
3258
24781
20522
28926
38439
34685
13796
20666
27817
1216
2437
24425
39642
29196
25944
35576
24970
31664
31765
3104
666
13065
35431
23410
25509
15200
1525
1323
8468
32479
40094
32120
25618
30408
26771
23672
4325
14122
37093
40150
43617
42902
27083
30426
26239
19087
3470
10332
27965
26913
1818
8117
38506
13325
20281
20282
9284
18175
50209
33614
37176
23088
46449
32566
28239
26000
27907
30476
1062
35308
527
3318
25089
2456
41815
10521
8847
28653
29565
26826
33883
32053
35955
26798
40434
368
28022
35735
14725
16477
23473
45235
39643
34397
29752
35521
11071
46836
23136
3140
35738
42776
34112
38168
23443
19610
7444
24467
22249
33393
8716
17221
12252
4071
9116
23733
22377
43185
26444
42223
50142
39120
2370
1163
46754
33927
10599
14589
3005
43748
33546
3068
22430
30733
18166
19737
18807
23241
3549
13219
9219
44116
22852
40718
17324
4086
22149
19351
2680
43246
42862
22438
36053
29275
8086
14622
13137
3296
26863
40567
10817
36777
47998
7498
41728
24446
30867
17222
50297
22352
32082
20547
41024
33108
47384
48011
36763
20309
9919
15455
1674
23729
36050
3301
2304
16499
41586
45033
15742
29853
10087
48270
41029
487
19571
2123
32610
12083
16909
20651
43607
10324
10261
13160
45058
32453
31329
36488
23379
21393
17893
22612
28931
50836
36751
45935
42657
14646
34345
12623
1466
10597
36558
35030
32480
16803
50354
30059
33956
9803
26637
27327
1914
21444
23953
20681
1692
50856
26020
31436
31023
12934
38985
49993
39685
19359
14634
8037
605
10775
40643
12579
39653
48399
9932
39982
47041
34099
18446
17344
1744
34184
2357
20377
33607
27202
14917
19311
9502
46595
33260
34179
37419
38094
20629
32770
17181
13682
32564
2146
11992
50074
37952
635
36856
38947
2428
42583
8355
28742
1257
2677
36681
19215
4287
40459
22361
24015
2479
46598
13314
44587
18535
14604
46546
710
15404
17426
10968
14696
8143
34528
9414
29600
29602
7645
3242
26965
9766
2696
37136
33721
576
2171
23075
29858
16615
27447
44780
9712
28370
9852
8999
18801
24149
13787
25373
7039
14146
7891
12072
37866
9158
24501
43645
1004
3578
36380
9564
40906
3196
32832
11535
39191
34247
34701
22860
31036
22193
18474
603
4173
2148
3264
7640
39778
42033
34334
9286
23722
28673
44565
45719
1567
24290
931
23564
18447
31708
23872
19541
36848
1976
22905
42520
44172
27502
30321
966
18894
11181
22724
2251
1052
16332
25752
16833
15357
34926
32880
2057
32619
21952
44501
28437
43097
32366
4268
2851
7513
23928
11030
11696
47930
14823
28580
34104
16327
9124
29804
1128
44077
23490
10629
3165
15002
15139
33029
7760
12201
17351
6337
32809
21906
34711
47540
27889
39810
7801
27401
27236
25607
45990
37092
26734
41710
30839
42579
40497
18147
38617
28896
4229
16472
21553
27197
1809
33459
3835
26939
29668
2629
7846
12486
32022
49604
27376
22564
21893
24516
19567
14950
21387
1085
1308
10392
28707
7705
33209
8071
44197
27590
27411
10630
19393
9608
25794
24483
31888
5667
31747
32121
10107
2074
28878
26012
31766
16051
22211
28394
36016
32552
41168
32537
17444
34707
40183
3349
45601
34065
351
1301
34267
11608
1785
17902
28180
47555
21332
25045
31942
10767
30449
2880
41633
36927
33756
14338
36482
10531
33656
16381
22517
23993
4407
13236
3884
24795
37096
1898
35313
7703
33544
8535
873
2560
40866
837
15096
17488
20496
16172
1168
33472
18410
44885
15239
38691
515
19593
8638
31521
38534
36981
29016
31820
33473
37768
2954
717
32364
16747
2932
26701
3198
15137
30326
45801
1476
18227
4107
20350
35473
17403
23908
9427
37827
21576
34599
17298
8450
30121
35378
48360
11767
1997
11192
42993
2396
1451
15659
49449
31086
32829
39595
17030
25364
35822
13821
16089
16941
48803
13592
1380
19012
29174
1551
13893
41021
45327
39971
20575
21646
23871
25603
16378
32202
27342
10479
35993
37459
628
47379
27628
25883
34380
18036
35344
2372
37348
28483
42043
22683
3293
13792
1691
1403
28156
41389
14168
39789
8690
13531
23983
854
945
20793
1238
28525
23107
10796
16317
13600
19474
41445
37207
13706
32919
701
14059
21192
41577
42888
35756
21412
5820
41642
3810
25671
8841
12666
17176
28748
7772
45804
36321
38787
25838
9024
22275
32011
17384
10687
25857
36649
1826
39915
49351
9109
34679
9467
50078
24295
37737
37292
15201
29315
49671
16735
28859
44357
14217
17258
44811
23534
50088
28430
44874
909
49920
15332
14165
23888
1865
8327
19750
38187
27089
28336
25253
1902
4216
46269
14485
34473
32576
3546
32334
16600
38741
8727
12254
2312
15660
8785
13663
13462
30687
2541
15293
12646
10772
1995
8959
18141
35985
49735
33317
48204
28757
40719
25494
19994
40933
21832
29407
12495
1405
37528
1577
9242
42668
2985
27549
1392
49028
8977
21777
9800
33695
3047
23309
12711
2872
17952
13116
11318
17203
43430
23520
12342
28696
19684
43389
15616
2764
28190
3485
14004
8805
32952
27715
9137
25784
26214
41591
24188
24719
51170
45090
22633
2449
4451
29405
12259
40192
26807
18895
20546
33796
34933
50174
7271
2944
9188
4262
21177
23824
33859
36249
32773
45340
948
23653
35986
13738
36892
10655
24519
24490
26228
22516
27497
10945
20417
3995
29932
13637
43261
12205
20858
42999
21963
42079
21820
1382
34169
31228
27647
37393
26379
16444
22116
1112
25801
2130
551
15444
26898
36455
41240
30210
44356
34922
3292
25367
26090
32759
21809
49238
36179
1709
31019
22934
43652
3192
34782
27964
24723
42875
46659
30830
18880
10463
29099
17590
1662
24708
10217
24054
25340
8150
21671
34460
41921
29814
39602
3899
34483
18665
15891
1205
23806
20219
8990
34751
20331
22453
25136
9498
38927
586
32449
35910
7470
48808
2446
38528
21586
10501
19463
40650
21331
3891
59
27048
2545
33565
45595
40765
31418
18971
1188
44903
43996
24815
16542
2697
17183
49687
17185
3332
1121
11531
20519
40346
1661
16596
11715
48734
32452
1774
15182
48537
1076
31789
5580
7805
32032
9856
12403
7808
22642
33649
32542
11990
32868
1083
32339
22753
15579
28296
2002
29427
11980
13052
49833
26320
23062
3325
18837
28412
14025
9058
3959
24062
35709
1071
31638
19123
28654
16875
21133
49999
33895
50852
34125
39698
15516
1768
27937
18932
2376
35601
4300
34002
9264
33839
41997
2076
36002
16764
44658
27001
39826
17335
15414
10709
13563
3142
3446
19670
33803
1516
19117
7494
36255
3365
19298
16951
20065
27671
46311
46629
2006
10713
2699
41170
31226
15000
27108
32712
29411
23145
34373
19685
2305
3048
33300
9251
17354
22678
31622
42482
12375
8031
26683
10136
25934
18709
30362
17015
1256
30555
5259
14852
42054
43631
19902
47661
42449
44869
29402
31993
26970
36506
24624
3210
42407
12296
7958
13163
12399
1416
23981
47030
11406
38975
21451
46166
25101
45176
3248
37481
20742
33759
37114
34381
42667
31754
32873
1429
32413
3001
1564
33222
906
2249
38802
28281
7489
21343
2495
27390
41466
44462
35711
22625
24174
21463
814
44880
31849
11826
23512
16887
43357
40285
3445
8525
2302
49154
3181
18930
23676
40584
10551
47313
19143
1597
8865
10650
3250
18838
612
27638
29964
9350
34918
1932
11451
2353
8334
32412
22807
2704
24688
8988
5408
26585
35340
2885
28659
32818
31395
32997
28213
25786
14841
43984
22738
32152
23890
17219
11149
2810
8857
25705
17021
31000
29036
16898
47779
27981
40732
43794
48644
19761
27282
491
3324
9670
12559
24119
11979
49984
50227
23616
15343
44709
23919
44118
9348
22525
18582
3721
34019
17327
8719
26768
24832
2394
8119
37099
25649
7207
16400
28880
8694
1114
26138
1514
10028
32520
32592
21571
37997
17226
42403
33970
4965
45311
9332
1673
19773
13499
40741
15895
20646
44296
3487
989
13599
25957
1617
17506
3380
8345
31166
41522
36183
34766
34027
23093
44147
2690
8401
43597
28643
49951
36708
19308
28329
40125
45813
36243
573
7526
28530
19485
2256
25587
43638
2231
35398
500
2908
10415
14162
43345
22423
42125
18854
37833
14788
25830
31744
32528
44870
38359
1345
23211
22816
8669
34959
30148
36511
14063
11070
39116
7599
1464
23085
23530
22932
41399
22104
14134
32839
29630
28622
9191
30580
25219
31777
22861
34429
25001
24611
22788
16968
7638
41355
738
2321
38478
777
21680
30054
20010
33158
48827
7424
3162
39197
1369
38698
45722
14728
8090
32035
14495
17816
21830
689
25741
31595
1204
25601
32427
43994
36182
33750
16343
31211
9075
24246
11186
40129
655
997
20480
861
22045
3824
17756
3655
32294
27790
24838
30961
30179
3141
44266
23046
35324
2308
37072
38200
44856
29414
25066
8892
28208
22692
32031
25070
33227
47652
8828
44965
739
10640
47815
20116
17078
35332
42128
36615
29223
1882
25539
25386
33265
29974
2399
30197
1358
10387
16663
36395
21658
29247
8228
39248
41846
30564
44727
25802
6330
13125
29204
44341
1344
35970
21621
36682
889
39075
30267
2807
27436
12939
44505
16234
2916
2940
35249
35731
1428
44418
10900
1741
18551
22356
20489
13415
39569
29908
34769
26005
541
33185
47729
3429
12192
28309
44208
25929
15962
12301
1419
1852
11041
1017
33397
3342
50858
19798
39298
38834
31147
25379
30567
31906
1266
3431
28940
12618
36563
8626
41936
39892
50242
1409
47482
2188
38519
36257
32727
16280
13737
22147
13963
2293
34702
44273
7551
31298
14885
39316
17440
20932
31085
15825
22188
2922
38992
37335
12044
32590
6611
18931
30297
14933
36224
10270
24172
26049
16850
16854
3314
36134
25245
17873
43168
31204
39458
10769
47957
37500
49148
49995
25338
24289
115
13672
41415
50754
42868
24756
8240
46370
14447
26880
32791
22581
12961
19038
23951
25908
3306
41082
2064
25727
24498
35411
8449
9271
1007
31608
50216
32229
13828
31579
27633
12958
14985
30548
20964
12921
17179
25385
43063
2107
30011
45317
19587
38015
47083
43655
23081
31025
40291
38146
11399
8991
2878
593
16053
46090
30852
21067
16509
30212
32899
27769
23533
27372
37953
8980
35200
17503
30312
1983
46227
366
10825
34147
23719
3205
40540
13322
23515
24310
32346
13176
1916
818
25753
7878
35741
47347
27297
20069
10097
8815
1141
8976
9930
49418
25737
14340
34231
18600
11489
21642
510
2803
18822
39857
18517
42376
33273
32636
37349
43113
15545
13248
15073
16377
48243
31367
18181
46308
16707
39700
11048
35645
17561
489
3195
17294
14797
9208
947
15899
1080
24840
28374
1082
17382
8674
19103
24690
9416
2296
22389
26504
31207
580
13921
28883
1250
343
1556
17559
14828
3892
13910
44026
1503
23577
668
37189
47948
8986
9449
48796
19141
40863
1013
1089
19435
10502
17387
502
35626
20359
20936
21073
2402
43559
42098
40397
36756
45445
14518
36225
25903
35908
31764
47299
43344
20824
2832
7694
29985
28168
39127
18484
33898
9115
20810
23845
2883
17733
40747
31496
28344
35462
50245
18799
39495
33957
24706
24040
35953
29313
47822
1855
11676
11659
21771
16031
42852
14759
27976
12616
3729
36022
1832
28325
772
35740
66
2355
3320
36294
20483
34548
37110
1131
11748
40745
34619
32937
15222
36406
35966
42910
1068
22809
1807
32344
9442
33764
20960
28039
33588
25812
17169
2174
17896
19880
10611
44685
8129
35088
19013
24807
43939
42150
27882
44456
28323
17572
19174
22599
25875
8158
17709
978
50840
49109
38788
23655
47311
32006
596
29750
12500
1557
15682
23278
17155
24298
33877
14206
20431
30202
29695
16603
2452
14805
25166
32403
26309
20535
2284
33064
25598
35444
27666
31471
27126
41518
44723
33547
36544
35805
10540
30843
32577
30578
18628
29335
36637
10688
32457
40195
23214
12086
38688
1544
1797
11606
14702
38398
2115
14365
24503
25423
21569
14825
11993
44610
29712
30457
34444
37187
9285
18204
1990
25508
34269
46747
19048
18615
36247
25189
38208
1701
34628
37971
45417
17469
919
19718
2600
1184
12619
40387
26490
17206
12868
37744
796
10169
15285
3304
43841
24880
14887
29648
2275
31312
23065
713
17018
14624
38211
3679
23485
43966
21200
3153
34635
3316
2180
12962
44169
741
11736
25185
2519
11107
7972
18350
38730
25791
26013
3813
33760
21109
2620
12865
1022
16492
27024
11037
37707
49461
39785
18742
21442
12337
33984
26533
38039
7961
15945
17058
32445
15923
36285
30089
8436
27123
19781
11194
33995
32056
23540
18774
11108
24354
22987
4055
37077
17626
42402
15990
26449
34131
20978
44559
26245
19765
49727
38830
41155
49360
22975
1179
32148
20118
21059
17654
11398
755
5342
15340
16891
13345
30695
30289
43980
18440
32429
43129
19504
14570
35671
9663
37777
4930
25787
34741
1575
38719
41324
20572
49704
47706
26095
32892
35859
38363
7602
33116
19554
18520
35687
1145
3319
34969
35430
24783
29200
17415
20967
24711
8122
23098
25902
41766
12073
12368
29627
18775
23927
3733
46143
30621
12521
35761
30002
13085
22034
26128
522
20532
19477
27479
13909
9475
15227
40141
7529
8123
33369
10991
21818
33451
21113
22928
43255
39541
38721
16733
44630
21950
4372
23528
21942
32076
15128
49515
30664
2533
39751
42559
3890
28628
21001
45575
19090
38047
31586
22071
27561
533
446
20937
11031
29446
35920
14407
40297
44783
30850
8054
30485
40818
18581
40419
3388
16983
26455
20897
7233
32902
36250
498
44415
24608
36293
22682
33494
10499
11183
39441
29448
35538
9135
17804
30198
14935
9069
8229
32903
34094
1061
48963
15297
34935
47973
24082
24907
33624
9500
39146
24022
38925
34523
33298
42810
32416
2281
1443
26406
31129
1067
2100
34174
43582
17191
34208
2540
1582
10065
30208
1685
35628
35441
19574
2929
12615
32763
42830
2506
1195
18723
20138
2276
38469
25069
8139
23771
31721
22484
31173
29562
8385
22117
50059
24872
44158
28712
1325
20783
20618
32444
1108
2785
15138
32541
21182
10689
3387
12311
40147
16861
27402
43182
26523
23492
49251
50597
1278
24871
38851
36469
28524
39525
9125
48432
11834
805
3249
36348
21402
25130
7744
17166
1153
14566
15552
17449
20703
41251
21669
12085
14991
28300
25999
30051
7582
28193
37210
24333
33774
32607
2737
44162
30788
2694
27347
25143
19314
39501
43633
1847
18168
35142
16527
973
24214
39804
22894
4127
16052
29344
10943
602
20271
1773
34434
17139
10245
49408
754
2826
35295
24311
2713
21329
10333
3017
2197
14658
282
23500
48052
18065
35583
865
39658
50052
34852
30491
44485
2853
11673
40111
14175
27586
44741
24080
13716
33890
10786
11454
15536
979
17289
13877
30220
39222
16029
45555
20599
11713
12265
12328
22081
34818
2079
8958
21583
1952
41881
10044
16914
44102
22467
42851
7514
19805
11734
27740
3067
44293
45952
22727
24459
18409
33242
32420
35405
34207
9550
19396
18504
37402
35429
16975
10384
17532
1888
28660
50237
18806
34471
26226
29292
2362
440
19794
27794
29545
12493
41397
42253
24889
44516
10915
34495
8363
28240
1002
17175
32640
42417
740
29203
1816
3540
1028
39494
7466
28047
536
16627
31878
36657
19843
4696
45808
31227
30133
24985
36167
27619
24818
29111
19521
2448
31072
13003
11047
18114
20556
28418
2025
35769
37429
13646
33452
44049
35246
30553
14205
2866
9088
34545
25846
40948
31216
17620
10992
51176
27278
8889
1664
14620
2571
34983
3528
43989
18266
48001
716
10986
26006
9301
10684
17329
22212
33832
46141
36825
10369
38810
28460
37508
3073
18057
9337
26461
31084
2380
26885
18862
46206
33805
20637
16018
39902
29176
23685
26766
2463
20549
27441
44491
1159
1136
37849
21935
17766
45245
31083
28949
26408
31991
23713
25776
33383
16481
38453
23433
9567
28621
14198
40352
25845
28527
3489
15025
15907
46382
21727
33850
45635
18897
17443
900
36271
4149
9167
34070
1507
11353
12111
10035
38136
21242
5490
15943
15826
8261
3206
42225
35234
22990
2553
24709
16779
1500
293
42750
2050
5237
28363
9143
38914
36157
12278
4158
3565
35682
39153
19005
15385
19647
33844
31484
8775
2734
42872
36049
31480
50251
26542
802
8089
30975
14660
23991
25579
3361
33701
28516
16564
41164
15287
30831
3347
29942
11374
17109
41893
16651
25952
17127
8415
15544
774
844
1933
33870
10316
10024
13266
36573
13869
24664
42880
2403
21210
12416
49179
43866
34384
13197
18722
41985
31322
3326
20052
35882
43120
45802
12323
1395
2725
28451
39304
28045
20552
7929
2522
43358
38762
48731
45478
17648
33513
2232
40408
14568
40785
20310
16864
3952
34176
3277
17442
45795
36567
18762
46088
23005
18563
39321
13421
19355
1943
33328
34738
34787
35657
36614
14057
34295
1334
30948
37706
9134
20360
24633
22743
45514
4081
22119
30118
9205
37150
21046
31262
29628
15953
15426
23537
34518
8824
11407
8216
15654
30572
17868
16436
35647
17627
36514
29753
35189
19360
13556
46258
35236
3914
1183
12081
48797
19281
20721
46198
5263
16792
21385
1915
42783
29756
10721
40300
44566
25129
3060
2222
2750
18519
17788
19444
45884
8439
2869
28118
25624
23421
4281
41874
787
8001
15015
32623
33530
25772
31455
358
41628
35545
32055
38505
8099
12047
17690
33799
42797
32795
16591
34162
36086
50017
28502
10202
832
8040
35017
44416
42429
43758
33881
33338
2286
552
19376
26596
25626
29322
3640
37217
34692
4583
40446
28815
10610
34834
11178
34363
18607
1949
8691
38815
34703
18891
2957
21882
23039
28346
29065
2859
11042
28032
17292
30859
23549
1326
23547
24306
36442
26027
11634
29779
1838
3148
1467
34278
39300
17422
30675
2412
13018
30939
9102
10495
35166
30622
47642
21197
24263
15690
12031
27746
949
1814
50127
41771
469
29569
45253
13109
43062
30690
12910
29024
5115
34680
36095
36246
19743
15040
50025
24154
31116
18349
41744
38071
18630
21246
17621
40764
3694
30041
19575
16231
17658
4087
34520
29428
43038
42475
27207
33953
15924
37970
33330
47466
29570
1722
47638
16587
3014
47813
10171
40762
24419
9048
1610
49623
20333
44752
44306
10548
20253
38926
8812
47544
39762
35912
18783
8464
14832
2408
40229
25468
44203
13735
12890
20983
10749
35484
12454
41226
32547
40756
30266
9994
37841
11359
17574
36097
32407
17053
44718
31884
30963
19093
20689
18759
12959
14777
11026
26912
34271
26166
11116
7926
47627
14139
21896
45019
38907
36677
41949
2953
1649
13181
48003
41841
764
18505
12373
15998
31612
36324
9566
45938
36213
38668
19344
21294
20918
27571
578
38157
34706
22181
29491
27548
9012
7887
1864
1154
27553
798
29002
4553
12172
14474
2817
9734
19844
5538
468
21972
44858
11837
35039
34093
13174
35338
27113
3725
17576
17276
31341
14229
39515
33914
24542
15952
12844
12469
9504
33919
39600
12314
21259
7639
17290
12160
32418
14058
33290
22011
4257
47920
33323
33574
33738
22586
32193
15931
44471
3401
3122
544
9620
10336
16730
27862
29759
30275
45507
36300
14054
23718
1763
11175
3100
25355
2163
884
8447
48842
29975
3404
50579
29666
823
33324
37303
2091
5473
17433
8302
10178
28476
34677
44167
20751
35696
12650
15642
11437
15143
32606
35650
30218
22087
39305
3592
1875
14310
26161
14278
10326
13880
1329
18116
31668
15185
29485
14026
8072
24545
26255
3225
26159
18828
19984
20396
18724
36211
23427
33842
16160
16309
47348
21941
32690
22276
2108
29198
550
921
36074
39518
20159
37874
767
27810
1399
21909
22365
47085
48788
43784
36407
763
12332
8008
46685
3298
9633
47004
22096
27626
25467
28316
38820
12425
782
7727
33143
44362
7771
22631
42404
38385
27491
15211
34351
864
12864
31980
1296
33755
10633
20071
36672
35209
4328
7400
2315
16488
20184
34364
2012
25220
23926
34299
15928
7931
22367
25233
1498
19235
2094
20392
35131
35853
22107
26994
38180
1207
29399
2497
1728
45895
21774
17424
40502
11519
19194
2637
17460
35587
24068
39139
32701
18005
9470
11853
8007
47818
44667
20348
3108
9218
14546
37084
19886
26321
33762
1546
20284
33679
2258
35849
26167
23825
16590
33297
17714
29860
36826
26955
10340
44195
8223
2387
48974
15148
2318
16761
21408
27334
25141
19118
39506
29041
3929
38546
1127
3383
41808
22778
37733
9763
33915
34614
32815
9464
48718
18379
16523
2678
16062
8481
32906
35084
29201
14172
23544
20054
46606
43444
39579
18261
17870
42472
24921
27220
13308
39561
32151
37939
34033
9942
35524
31316
3502
7757
10082
29636
48072
29535
48601
17927
34726
15119
985
8819
42981
34468
35128
41225
8023
25370
28810
961
31176
17875
43302
43629
47701
46218
21207
44466
30341
2042
477
353
17464
1388
49181
40558
11886
29401
46711
40143
42307
1157
13593
17717
8391
20254
39086
17688
11418
22640
17429
24034
19169
44320
2934
28146
485
6785
10806
30558
11733
10777
18337
11044
25596
28028
3002
10801
21891
40035
34451
20553
843
1937
31256
37350
1229
22770
1589
33714
11707
24788
19228
29927
3483
40879
26317
42337
1468
18230
32692
36280
9780
3089
7499
1347
15409
36827
47865
17421
2871
15939
42989
37326
23556
13709
13927
32424
35365
46419
7463
13026
1730
29144
46212
14359
27529
10613
3078
29169
33281
16163
43422
11765
8146
13153
9100
32621
24568
29681
13326
10507
15964
17246
36196
28551
36096
9138
31399
43624
16608
47828
42651
42700
44964
13328
41458
24420
38514
11045
24997
14186
24893
42629
19907
35515
24363
3596
45778
22229
12669
1038
45491
2023
7786
9824
46958
44342
14553
37466
44796
38882
20328
36310
2160
41212
20432
20151
10033
26147
731
24038
15032
7692
2823
31672
19440
3551
30988
10670
22035
13739
23302
1870
42048
3418
11682
4343
12026
24586
15411
35655
42603
1560
21082
2730
37988
16212
27797
3026
16853
26354
29425
23964
2768
2921
22971
592
3731
10455
45350
1315
2218
39727
28311
23984
27471
27799
695
27905
19417
3462
8465
42837
30253
16748
50111
4244
19026
41224
16365
27254
28279
14617
33170
30296
28231
17684
3190
20888
36409
2083
1169
9860
2329
22637
36268
37108
29669
29302
1045
23794
34480
44955
30857
16840
32526
46362
36857
23487
36624
11723
39523
4090
38425
49094
9077
37186
2210
31770
38494
13551
30686
25402
42495
2655
17592
40137
18608
31832
35146
42371
19101
20755
36267
47217
8790
1148
16700
35523
28794
31792
47090
2877
17089
7764
48662
32931
33149
38127
2724
35779
12643
25155
393
20115
33523
30638
8100
10022
48486
29285
11100
722
11830
1063
19010
21728
16904
30058
25337
890
4269
35963
36390
16540
37171
27330
42016
17097
35261
31642
22647
32745
16512
3245
42295
33818
22214
15849
31580
29056
32050
37845
14108
26837
29001
3837
27518
34552
18160
1069
20621
33834
24134
27780
15014
29202
24876
10541
35770
8964
30307
32337
17466
25637
20800
28533
45810
26572
44948
25974
35265
31390
35357
24225
23767
50143
15606
35915
14583
8218
24919
13852
17571
39126
11864
36804
28723
35179
37477
41153
32026
29391
26463
24044
49749
1527
46203
1189
30976
36447
21511
43060
25840
3303
3821
38458
3425
33828
24160
10571
9648
19793
951
25348
7318
37346
13925
3851
996
23150
9153
36767
12336
41274
18319
7538
2368
48032
8870
43981
27506
3118
2167
41184
17383
23235
23058
38924
9973
34539
19896
25163
33030
20537
30891
23559
14809
17502
10679
40083
37770
42588
38860
44181
1023
10805
19519
28496
10605
38976
10740
493
2272
14942
12384
1243
8087
9081
26536
19375
30272
1041
26834
28242
24636
7443
21405
1761
7212
2406
17082
14112
32331
50249
44224
30048
1775
1210
24471
14156
34439
23959
46894
1526
10530
23135
3134
35589
13436
33456
1971
24308
32554
49093
2382
22725
2976
13298
38139
15307
13785
27219
11167
663
347
1629
336
28409
26792
3692
44600
37112
27241
35418
50199
8082
12268
1435
36227
16827
39784
1853
14785
2432
33531
8362
2672
38383
33032
12306
39322
2015
2836
7440
13591
2320
16252
35443
14530
3402
44809
20676
44812
8816
24175
39274
41976
1704
15387
50276
20228
24491
32124
3398
23108
14185
24786
3168
46046
27444
27963
3149
34120
9249
40167
9174
34435
1590
33389
7879
45941
39015
29403
11512
1253
36088
18642
25890
38987
25738
29599
45554
35125
28837
29547
13068
2131
4188
35154
19131
15743
18625
19590
18342
46980
8680
21732
8792
306
29850
8434
44214
7537
42501
20509
8998
27535
22541
28230
13818
51235
28406
9453
2388
33394
18499
8820
1370
27015
24536
761
9245
18613
30066
2915
32921
3605
47323
27067
16078
30559
2247
35567
34980
19407
27328
26170
24378
32900
33902
401
25815
25135
15535
41573
29465
36700
13123
36412
14170
10534
7693
44768
26657
14115
7686
29966
35566
45237
10490
9779
41239
28874
26160
13770
8473
16836
40990
31989
13803
45181
8994
38697
11184
28308
24114
27455
25042
46373
27827
34074
8152
25955
27433
1746
678
14515
7674
23670
32817
20826
31631
31268
24525
7546
24685
23467
33921
20393
10092
17581
12451
48178
15668
25775
26010
39253
9190
8466
17038
13076
1015
35532
13167
14704
20283
16109
44784
34516
36094
3509
11697
44549
923
10134
8699
31264
25497
17867
14626
37331
9726
15282
44381
47504
42815
41427
30098
29788
36103
32545
4630
13841
24971
47561
46461
2652
2930
44855
19493
15362
15940
10955
2109
12243
12345
2989
36959
2341
508
2038
19770
31531
8188
24918
9071
43278
24792
1182
591
19823
14606
29449
13397
19464
16452
4208
29577
22207
737
32828
21623
2701
37956
28378
25757
44376
26144
25387
2814
22404
31594
11050
41983
36755
20188
33033
17019
20117
27451
45624
32505
47346
25959
16584
2569
18587
12359
13097
43861
24866
44896
21944
1180
47269
34678
13720
14747
21068
9491
37620
27648
21249
34396
15386
5742
40031
2236
35855
914
2801
13288
29657
626
688
34441
18602
36151
16244
27308
44640
13108
34807
25709
25197
24998
3396
17144
17609
40938
2997
23606
30950
25230
35846
41682
30129
20791
46974
32905
19259
3183
9095
1196
43064
10466
12590
38193
12854
38573
2525
1312
3441
8073
31588
32736
623
41285
621
2938
14539
11633
31394
18543
7776
33865
36693
20568
38558
18876
42110
11841
47327
31540
20141
32377
22027
24733
34352
31981
32037
24702
25274
3430
32277
38396
12488
34103
2515
2287
34705
23977
1064
16612
23079
2616
24415
14940
25388
12238
26665
25481
27560
415
21494
24672
40032
10037
9183
34302
28071
25873
10803
2740
33821
3176
16517
4143
434
42633
7993
28799
1972
29894
37913
22190
35999
35825
45096
25368
14859
23142
17601
2065
44674
10089
50285
29552
34626
9166
9304
21484
19452
35582
25781
22495
42066
36272
39876
14364
36125
849
16604
19987
43212
9066
971
43161
14607
32826
23050
2173
31255
31800
20066
34272
9244
18541
19433
14418
34387
40063
23681
49338
32196
26496
40164
3358
21633
2264
33427
10486
17821
43773
41972
40736
44130
1724
36670
26142
21670
31827
51001
43844
3490
21020
41266
14433
10988
886
34187
31988
32877
29055
7574
8827
35634
25953
1102
11036
40068
31432
24379
20015
24782
20045
32116
10391
33282
2548
22233
1251
42356
33613
2512
46610
11419
10727
38731
2682
50213
40997
18557
18485
9447
21148
25852
17054
35547
17492
31251
1351
34257
28672
39044
25492
3270
31954
24875
33057
44013
44941
17496
41230
22432
20126
45241
26963
25372
1092
34189
21835
37431
875
44946
37296
3290
3626
37578
41969
32235
3352
31656
4033
34382
2926
12400
24577
1944
36139
20504
43105
3099
2559
29679
21302
9784
8221
2220
35399
1765
23529
22077
40027
8194
11989
23220
12196
1025
19192
10990
43216
35173
9721
31122
29319
49753
14892
33706
8366
27921
12153
33770
33262
43747
33580
44481
9835
16671
7552
38709
9547
15657
20644
7960
41395
18014
24141
22763
3479
31024
30898
13077
18046
28319
50626
42606
9375
12009
3567
19332
12309
2998
10547
40495
28651
38449
22585
31693
39500
14208
22747
18165
7803
44753
37629
42546
7517
7739
29426
46876
9312
684
16115
697
34333
17950
35666
15628
21929
34931
36114
31949
8709
44397
36812
4048
2791
5060
17744
15667
30130
36236
27569
27713
3531
1445
44560
32838
31059
35605
932
26591
2410
42072
15653
44188
23240
49899
10379
26445
42779
37288
13814
42642
32794
7497
26894
19772
35190
7460
39037
32467
15191
3012
30444
12129
7548
28304
12626
37293
9485
14049
22865
30433
48371
28006
11638
30714
15858
20850
18210
23151
1427
1118
21877
23677
14605
1288
8487
24766
10276
36746
13755
42078
41067
12578
39917
16000
15598
28421
1584
22858
38034
45030
43822
13560
15570
7581
11637
17224
14224
14282
44889
3233
8161
724
455
37899
50171
19324
8395
29189
12858
31230
21261
9540
31338
1904
31677
36152
24032
1946
15292
21528
42987
759
7663
41977
19051
1420
22644
17340
363
40492
33595
18804
15318
35814
12211
37116
335
29435
18533
36858
44022
23691
15408
895
12285
39993
43835
39050
25234
10027
14999
49677
11054
435
28814
39585
4102
33972
36921
42618
822
3545
22461
8003
36084
14628
27489
30904
43963
15983
29623
13580
43965
37489
44627
21315
2066
14603
28934
26925
27732
20267
19299
34370
5138
24870
23924
21114
16906
39752
3214
18493
8813
18365
48010
9795
7572
50867
3793
2681
29367
12937
34668
30258
32254
3480
23527
34338
33977
19317
27475
38308
47557
11322
9373
26456
22010
16349
36733
11126
12300
13320
3389
49732
2718
32632
32882
31624
13629
45282
7162
50140
18501
34624
11624
30149
390
23857
33925
36365
39699
13628
25156
2291
2227
30004
16774
48250
21115
8798
44553
49342
46892
34481
18328
37232
19689
45028
45502
38522
49935
15948
36616
36381
32415
36066
38473
1521
1283
27597
23526
36552
7709
46045
36778
32601
19144
29802
26059
354
31713
24869
16251
1190
20158
7573
2970
28142
28488
25328
42671
43235
12867
31342
16090
33077
3428
374
17045
3273
50217
13583
49670
1262
28834
41864
1213
33954
22648
1146
19671
31042
3194
7441
36018
16844
1236
33892
21742
22566
8906
39610
18161
14394
22974
18583
16901
36180
11033
2430
14346
46042
30931
32709
17535
31179
2624
10785
20786
13066
45705
29224
17754
37488
4249
35872
19972
7488
37490
33502
43588
17131
36865
29333
1221
1227
27743
43288
41961
7970
9638
12075
22629
21205
38998
38202
31483
45052
25410
40935
49151
27617
8917
1954
31047
9335
43986
6233
34612
36003
13115
16763
2884
27277
400
47527
3923
33264
31658
2755
2277
709
18088
1280
43982
39689
43406
1877
2792
38803
3928
16718
42142
17986
20813
21802
31703
9651
19744
3437
19446
37506
16228
15568
22874
37522
4437
37596
1541
16825
7689
44543
14084
36083
7452
39280
31818
15033
12628
23132
23803
7914
2520
20917
34771
10131
1555
46109
14840
45106
24260
51248
17306
13789
8810
11976
3343
2498
22880
19392
44803
4021
1098
28736
17105
1335
3007
38967
37289
34285
26840
42212
14833
40686
15284
22131
43991
24085
21757
34638
2442
18861
2080
33359
26687
22768
26781
26435
950
48825
41613
44363
451
21156
35838
38135
24546
28876
19911
2429
34971
13564
21159
13141
35487
10477
19573
43149
16665
23800
9353
17691
601
9636
17272
40367
18818
1790
31011
10561
8673
27246
23838
14550
42859
46077
14486
39793
30416
45600
34067
44562
39376
624
35796
5365
18521
47340
32861
32128
37297
4212
18569
2364
6707
33341
21838
24703
0
7391
33357
23979
31453
46976
1653
2762
39738
20667
47839
40661
19501
29693
16097
12317
19747
45449
32140
39303
25907
47830
13998
21672
29470
534
13650
33178
36102
2584
12322
4306
7479
28422
24993
32485
18372
1979
18656
34015
39634
15432
26470
2986
35258
22844
360
3074
17728
1783
32713
44943
35694
24076
9148
20904
50239
34068
22355
46538
13842
33754
46139
1167
44307
25394
26754
14867
1402
45977
14659
33183
16586
2914
10989
9556
2273
1660
1908
27629
13504
17899
19471
32639
27914
8092
22134
50205
1088
40148
43052
21946
30766
1019
46878
47118
24831
504
611
37111
44798
43990
938
22542
2856
37320
23064
40589
1810
1258
30600
22187
46811
41410
19735
37041
23229
40890
20070
8376
33744
12802
50044
8222
3331
36501
4202
9584
8103
16515
26295
15398
340
1960
18513
28508
26120
23436
37940
30883
34203
32667
24464
13156
48439
33169
33685
44503
25704
2530
9203
21382
16849
1421
30224
31839
19604
37624
45862
17791
33579
1412
42581
2010
31907
24864
45796
22436
10168
41205
28251
51172
1654
50041
32696
32635
44806
16450
11039
39880
18069
1248
15727
42914
17273
22351
24219
15979
1962
9671
26125
14694
31813
35918
28715
30042
48198
36597
36362
2117
44120
31428
11636
34442
13151
11426
1009
8256
20714
33748
45603
17357
30358
20738
16661
26300
2919
29649
1528
3459
2421
19173
8868
44358
18937
33905
50095
1271
16778
9607
7583
15627
7871
21083
14893
569
31459
27016
23704
8973
1650
3294
44715
30674
49701
29013
13826
27881
32219
23841
10739
31012
26358
36770
23860
19825
1086
532
12057
23988
37334
35392
7820
40415
3844
1054
4155
49481
15823
13277
28827
19599
34972
21206
28921
2333
42772
40995
11366
16732
25131
13114
14314
9715
36175
2252
26088
45427
7681
24691
32671
14791
21578
33193
19942
12042
852
22572
31414
870
15399
47412
1900
1401
46440
44237
44857
29700
19300
1103
40763
27831
45978
2230
31704
7566
13808
3323
18176
9945
9894
21833
18345
32637
31597
31924
2653
40848
12272
13812
23659
30588
23561
40304
41814
2731
41905
7432
32555
31137
3219
26975
2354
7716
3917
14348
430
1591
24316
8257
20747
30164
25891
530
48429
27969
29990
31683
35980
934
492
32083
13951
10957
14137
3136
14812
21959
21916
32515
42466
25905
2477
20142
30464
11139
25294
29037
16421
12791
21479
33038
32456
2760
20530
36658
574
44914
1659
17067
4077
26452
12581
36972
18366
615
30038
12269
8667
37553
11794
28566
45168
379
30157
3735
25088
36149
3255
12410
14937
16845
32638
25132
30356
2280
868
36195
23100
14457
8753
27354
14860
8446
1039
13286
2614
35854
23380
21219
34546
8260
11182
34592
9963
49660
2769
15718
31585
13608
18598
20562
43388
36942
13042
20632
36237
2786
39577
16974
37261
44758
2237
15176
1545
14775
10654
31451
3263
662
31306
19168
18475
13857
15578
30294
33837
15083
28519
9192
33441
12525
40898
12058
811
3333
27462
15122
2471
12656
34642
26860
23856
39449
13353
33722
14354
8500
29568
2069
876
9421
13130
30331
19628
25674
28427
49744
42709
33830
10795
12951
25740
29225
16658
40431
27313
21006
2625
21217
20056
26046
45079
35598
31999
16107
25102
25577
37914
25893
8431
18903
1277
41671
38138
15248
26767
13529
28764
17059
3286
24458
34650
25283
43766
3367
31307
1104
742
39860
26764
35425
18524
9914
22681
11790
19033
38883
31002
1760
16449
20989
24120
45162
23304
13799
17262
29018
27971
1787
47052
1796
1562
11684
3520
33007
19948
28539
25215
39765
8833
30018
50300
26048
16799
9786
20505
15531
2996
43110
25293
25250
20710
2356
41098
1366
46029
44805
2950
29762
27614
31093
43752
18701
17231
14442
27102
33176
14468
21668
9496
20894
44669
44494
18754
18325
10220
15693
1829
44458
1867
976
11972
11685
1404
41543
46076
30495
32946
3675
40364
17428
1355
677
50030
33257
2668
2965
2503
7688
1290
3050
10730
37626
20915
37237
29987
50162
35703
16741
525
31930
3647
16271
2644
44730
43804
43664
32227
15546
13253
22194
34304
26693
17949
20162
10723
32112
34113
45767
11128
28583
625
42291
31898
33261
8800
39279
12574
620
33817
17824
21422
32823
36379
31876
48738
23695
15974
33545
45508
14881
30454
5226
2190
39918
9603
15016
33785
31851
19431
17297
18564
24506
26694
44954
31893
8061
23361
24833
44223
34197
28727
24401
2464
23205
9896
25272
38737
3905
3212
44747
30380
19112
37976
27536
32525
8252
34265
34770
32400
13907
2254
32414
10355
21560
585
25676
8246
11737
28619
28793
31299
12260
2619
2722
33908
26067
42462
33287
27773
32311
10981
43613
35440
44512
2433
16323
37341
41199
23742
2510
25464
17598
19552
20026
29457
2470
24867
32253
19641
49509
13634
44544
1126
1096
32395
18454
26732
49505
33659
29460
36933
39326
30551
11053
10842
29981
31045
14461
50079
3442
48279
30372
549
38861
43590
1600
10742
3053
28866
3063
41048
48728
16443
25597
27262
609
16318
3950
3135
29044
45032
40930
17237
40950
13622
44091
20757
14706
10476
17257
28544
8670
33749
3830
29487
16892
48712
18430
11787
30152
13741
47838
7988
41374
4267
44573
19305
251
17940
789
14065
6367
15941
20097
3021
5426
29261
31438
15994
21857
29222
671
41331
2425
8263
35404
2505
21829
1245
8215
46865
2839
50115
835
47374
36318
4348
32565
34173
20250
20590
872
13106
2288
11656
2662
44410
33113
21796
17617
46968
11714
21268
16737
27291
41619
47743
25718
17366
28952
46569
49160
23669
37298
24150
8384
8826
3036
14239
22740
44368
36669
17188
1134
29730
15798
24671
48852
32641
31467
15438
1033
4007
2876
47610
3072
373
28828
50219
2557
22582
23146
1883
49594
20152
45039
50893
2098
3449
30628
22657
34374
9731
23066
38112
22873
17983
14422
35208
9570
40207
12297
41418
43777
31523
834
40134
28585
24606
12340
41684
47203
49636
29576
18380
22949
18623
14810
35074
462
44641
35841
15197
28541
30317
1302
19258
33609
34325
28232
22156
43356
48501
27558
9777
1542
18045
2627
24982
47169
9884
30861
18957
46913
44400
13375
29934
25949
18318
1330
33198
38096
46543
26835
29694
29154
21085
33948
25677
38934
32582
33500
45535
39052
13339
1609
2641
18652
18253
27863
16810
32354
31821
18651
2658
33811
33876
20508
47649
12953
7442
32028
29523
30167
9660
2245
30916
24975
33099
9904
16050
37775
7943
11629
41702
2475
44852
17554
9534
44521
1490
21064
21747
980
4554
14939
19905
17438
9874
34030
49684
23992
18443
13726
37424
12863
31420
23999
35824
31581
20199
19265
2664
15870
24030
32581
30308
2821
26213
687
13543
36206
39820
9040
48099
7870
29283
25453
49092
38487
31819
25472
37861
22666
49082
41032
15341
20658
29183
12286
22239
25175
39409
39187
4174
2551
815
36370
3236
34886
44160
14353
51171
21209
25938
36036
21327
15175
23798
424
27375
17697
49261
21685
44998
9159
7294
36656
25496
27954
42681
1171
36600
10901
1374
9433
38559
26280
29482
46592
9329
1788
4070
24553
1036
25165
12176
12947
30997
10100
24908
690
30310
23006
36667
8650
29929
1252
42506
23068
28497
13939
12347
9175
21638
26134
23636
10907
13747
12685
16720
21740
23847
2085
40184
24399
42263
20262
1697
39173
15003
2259
49706
443
36545
24560
478
8693
35916
47382
14903
36962
17230
27199
357
11858
3420
43658
12402
24912
36664
34561
29641
20268
16098
10321
13296
40503
33366
2400
32108
1012
26624
8945
44453
33949
1415
36142
19241
42254
27772
12163
3926
36764
26726
10460
897
2282
16645
2405
34698
48934
48297
25255
11652
28459
34742
3157
49314
21828
21237
37910
974
40140
24340
31223
24817
14166
7866
8655
27567
965
20818
11952
24485
3231
2633
38632
31104
3305
19863
659
22750
19680
14970
13786
39157
28475
43878
10787
43407
32697
45855
27256
7950
28800
23141
3451
2651
15831
18681
36470
37068
10771
16789
1912
537
24213
411
20406
18026
2303
27287
11022
19037
34309
31124
14839
17432
26541
25058
1950
22248
1624
21692
18852
10345
14982
3269
7522
30696
35216
31697
24687
34132
20004
36627
23774
29129
38353
30203
29305
38460
40386
30085
25824
25498
3588
28417
26270
25327
12497
48021
21215
1055
3185
14120
3313
21800
1307
40713
22568
46504
3336
43490
13938
12852
32478
26819
3054
35943
49802
13935
8460
22652
34806
49961
44739
1548
7987
13587
34037
34863
24808
44114
524
30968
8069
13234
616
23418
8952
24868
14450
19348
11704
11428
12060
25927
521
19303
35287
13902
11362
22466
1477
35940
2568
29813
32825
37098
499
39753
14845
29301
19416
38653
28185
18375
15517
28021
8163
14693
25774
50167
5967
2685
14768
7575
14284
45467
30554
25134
807
17223
19307
33711
40326
35803
21844
28214
29707
2279
11432
11378
12415
2572
22491
12385
15776
35289
27437
17121
15281
41238
20704
364
24879
18390
28816
25395
20493
15244
34576
12165
42068
11977
8459
24300
15547
1003
11871
43039
48860
14888
28277
37527
40468
42284
27637
22885
37586
8131
17285
7874
9915
2255
13451
10510
32916
45172
36902
1314
24265
13246
11038
13745
24115
19830
37900
25086
2185
42954
24686
4122
3166
27040
10133
15557
48380
32065
11176
22646
44586
46814
49762
2955
488
9586
21129
37340
9489
16999
17894
34158
26298
48152
1172
18595
26174
10179
4118
8258
26815
43504
2140
38626
45968
21193
27749
25609
2784
39343
42476
7762
877
8191
37138
17583
35535
8426
32409
12573
36477
39311
12063
34145
30316
13096
2837
5528
21927
9568
43520
29651
27365
41987
12709
11708
11146
22649
50058
5659
17148
21212
1686
2145
22653
42609
29393
44310
44707
10638
19605
22656
12922
27013
44140
15991
2409
40429
28678
26509
30434
33524
1759
23193
727
20531
33450
15999
1333
19520
36961
7481
28626
11627
12077
14847
21410
15886
27595
4462
28458
8227
33028
1799
29104
32430
10995
3345
30061
47130
28942
726
1461
41210
19603
43476
2948
24837
1878
25371
49635
21708
16516
505
24055
745
8115
19986
19698
16559
1681
399
494
25517
27967
11908
44287
20322
17414
8818
4056
33255
11658
10594
20236
15045
28730
2365
1523
2195
23652
2656
21251
31778
2767
9182
13164
21110
37434
35654
31111
2879
51179
1780
9347
1470
1657
11145
14236
30780
680
50282
46047
26433
33034
40007
41297
15512
13099
10760
2732
3321
416
37048
17140
4336
46199
28836
31729
3284
3400
50295
29151
11928
33742
21030
20137
1887
14169
8884
17435
14760
44463
15912
49320
12770
11104
37045
19736
18638
24344
7986
36062
1602
2024
11420
31440
35752
33788
43935
44037
29734
22867
41595
11160
43983
1396
36532
35922
21934
34140
4332
2771
27515
17639
33398
14730
46196
22775
29170
47732
22001
27631
721
12365
36938
27659
9176
15555
33320
19734
23434
37073
19230
49111
33474
38664
32009
36181
44605
47161
29177
1125
29654
22185
13793
15830
9209
7956
3147
35373
33866
23873
7176
13129
3741
16065
1753
37127
26424
29983
28235
37321
13652
18287
575
12524
16513
28048
47039
1254
20181
33578
8783
25958
49648
19369
15710
20134
512
15958
15595
18172
34156
30692
3123
1620
28043
2703
542
16678
24251
18092
36679
35891
28941
31115
21425
48540
27609
29971
28986
8402
9017
11350
37932
15397
13882
1735
43906
21814
38625
32836
13581
15596
8398
44103
1565
26230
35662
23944
6749
24829
18296
29060
12216
10736
2022
48100
12753
49715
25768
13973
29622
9716
41314
28244
44949
1896
24659
37141
19178
12241
34395
36829
34740
44321
7971
24101
17446
22040
26017
34743
16037
25797
33042
40664
23255
9902
41981
16784
44056
27771
3204
15648
35353
19132
50122
41081
31396
31053
11649
32561
22977
21637
36342
38481
49506
36065
26141
24145
11705
21198
15327
37055
27512
4125
45826
2351
1510
34537
47702
15289
18333
43612
22994
26233
31962
34062
21139
2134
28080
31578
36446
22828
1417
13520
17748
7712
34379
2206
27191
25870
35686
28534
40581
773
2473
31602
7707
14748
25925
35223
30871
34883
27135
44759
13149
9653
3967
46447
15113
9369
41354
45184
24500
17942
3025
5858
34667
1077
15127
15008
13894
18470
9948
2440
44309
27265
17394
29632
9413
17214
33024
3762
38714
19583
3045
32007
21214
18481
39331
1246
775
1175
37725
13028
33378
14333
4180
24819
1058
29291
10789
40272
417
20564
49806
26841
31243
23836
33070
15930
31078
22139
30230
34445
44594
37884
2787
10088
11553
23414
48510
40085
2899
11599
36906
13104
36025
15102
44929
30246
11741
43243
1502
49890
25416
21028
15441
12535
2918
11177
28030
9428
11043
11941
10330
32928
12179
31130
31615
48757
12292
37941
30175
7809
45004
19838
4064
7397
28584
21312
1274
27869
30123
38061
3507
16657
44899
30415
8961
27565
30545
22769
25666
25309
37231
16666
32036
19176
2459
29047
38622
958
13966
1963
43184
32945
36960
17452
46922
13283
12928
36117
10845
2158
40964
1437
37974
42420
4191
31680
1105
16247
23074
36130
23131
8453
20481
13994
43967
29489
1669
17265
1869
22925
22862
41503
39333
4220
1939
14216
32466
9151
14968
35584
35184
47013
2467
2649
2031
29906
23387
679
1152
16598
46615
39325
19511
38154
8445
15329
31817
36165
36781
19642
9450
25844
26696
41584
19757
9036
31667
29833
24021
29499
25090
31029
41868
42936
1928
17317
23651
17347
38579
10500
40231
44240
23976
24287
39098
22748
31297
37993
21245
35708
14182
4326
7718
1876
15689
34759
36194
2297
1239
33367
35130
28173
13616
331
2797
16145
25246
37225
1282
43119
21920
7533
25425
29844
4781
28152
46608
23615
17238
26425
27788
22252
21279
18593
29357
33263
9881
24720
13619
36546
12919
16371
34802
16397
23172
19384
49878
1292
31936
21481
40534
34431
17218
25150
16902
46169
2113
14178
11808
30030
24504
8211
8779
9553
42921
1272
11664
10076
11678
14176
25188
18500
2688
41587
24296
8795
23493
1583
39692
9181
31337
13193
19438
15382
1615
8688
855
23029
1185
23752
1655
15527
49853
33732
43435
34235
12457
40983
31412
792
35042
19862
7578
33846
34803
35581
38280
19079
9323
10480
38313
20771
36330
26383
21465
41672
15338
27625
37897
22618
29686
12145
11403
38085
2903
17462
17504
988
43071
7839
32588
16454
38301
8217
37322
45086
17348
19209
18827
21003
19102
43214
26107
15734
30000
3530
17706
13285
3111
11526
760
34929
39243
22752
29720
35057
17844
11845
24976
31225
7550
30935
11740
9705
21074
18534
4291
34098
41715
3377
14466
27124
38533
24811
24337
9471
28073
27121
871
33696
24806
1868
24468
25174
13767
20412
11401
9234
29462
30763
1337
16506
9879
20604
20986
16209
39611
22854
23209
50661
9654
25292
35296
44615
10006
30862
44652
10386
22771
19070
34851
49778
15526
44849
23442
8831
8781
28191
9798
26056
954
3444
50434
31853
846
17168
8419
25833
9662
11005
16134
15207
12099
833
16985
175
9404
32824
14593
24583
1825
9104
2775
30641
2710
38613
19450
221
18717
4123
7922
31892
16907
16969
27031
1975
891
41276
17750
907
31555
34775
3013
1619
3579
47452
8036
425
1511
34446
7216
19233
34828
22746
41248
26987
19993
34504
1823
23869
9423
36905
34749
474
4455
39049
45830
10184
12866
42861
27466
29215
7050
8642
32650
14429
34578
14803
30264
21574
34180
10671
48493
7570
13202
20154
24073
19486
16510
29092
21678
22269
2578
33974
3879
42692
32465
8895
457
25426
30802
29262
16537
3877
16759
8953
42123
27774
23496
32156
24453
30946
15788
42696
30665
12498
10296
41015
48522
36245
1346
40168
33836
47035
14117
43296
31447
46151
48395
30574
50144
2543
1874
14258
26152
1024
49441
29146
33285
19650
13876
15012
44001
35134
2631
28464
46568
8714
41268
47292
3616
1264
14972
20185
18974
8046
17653
26308
12134
7673
33244
25722
30353
25433
35243
19009
23459
12655
30315
19231
8084
36191
16478
10428
2961
40213
37037
14945
13626
28365
12739
23934
48190
14385
3300
38734
4310
43863
24816
712
24187
35278
1230
18964
20642
9465
1795
24224
31112
40146
2602
1109
21160
19723
11690
32976
17374
33479
29383
2490
20538
2480
3261
1021
19172
29955
17936
48227
40761
31456
881
15978
40478
14163
24715
24881
21311
35351
2544
28355
44911
11639
38419
651
47263
44110
29122
15655
50862
21736
16182
10397
8594
23553
42486
41075
441
9870
33973
31682
40365
11726
13363
9572
33386
44932
37191
32296
853
26702
23913
19971
1140
35563
44153
2335
7541
27791
36821
25669
50860
10482
16979
24509
3751
8866
39485
37042
33154
30524
27033
1533
36014
12395
35590
15801
24267
48199
1873
7842
43619
17734
22772
30081
1742
2611
35331
13972
32974
4227
1747
13132
13507
670
23521
35129
15833
30227
2746
3481
20768
1037
16722
2309
24675
37181
21189
9292
44595
29140
18494
18157
7934
8979
35525
37543
44078
35427
34466
8996
39302
37746
13970
19920
9512
3346
21907
10624
1473
33144
2184
48473
47146
15145
19018
3369
12986
34513
41830
27646
40392
12943
27476
26155
30868
3847
2972
15543
37473
17726
46219
29076
9258
39217
5163
2841
37957
27312
23780
35136
39519
8050
35571
18262
50284
27890
50109
48092
44776
17395
15034
2089
44472
1407
19011
40359
9675
9211
31573
27793
20943
746
47351
41869
42680
21969
15981
40885
2905
3120
1539
7984
49599
46982
16435
9801
12909
40554
17962
8424
414
29153
43229
29744
35479
14092
18083
28829
34426
44225
27957
17284
33134
7264
13027
49880
18174
32558
19127
37345
16815
36138
21635
47712
22443
25731
12037
49822
9224
44073
35728
37329
33676
31417
40251
14802
43772
18547
10545
34939
31584
32913
49020
39301
953
27270
28042
33000
44028
42386
44912
15348
15125
3265
45071
32676
1032
41634
30101
1298
10661
35722
3064
30877
33992
2013
20381
3175
9444
27230
16220
11890
33272
17362
16677
34670
23790
28457
42586
46012
20596
36795
33632
35884
37129
28144
30945
11172
44406
23783
14347
44163
47145
8160
20270
627
35637
1913
36583
17918
8288
23126
17124
14124
44004
44304
18465
24371
33929
25989
39193
28611
1535
40611
27699
20255
35336
3132
31303
14798
25745
31794
33885
48736
21975
38054
2846
19398
41971
44460
34368
34643
14647
11964
6997
27909
32089
24994
38479
29533
39783
1475
43823
734
29857
11486
24650
1762
33861
32870
7708
24678
18396
3037
3044
36553
42499
10598
20656
8853
28965
27917
10752
29135
27289
35676
25521
554
22741
1260
50055
10639
34676
12080
24674
465
23791
33878
1641
44788
8797
28752
9665
42319
33213
24313
15746
29250
31632
20743
18270
8776
940
1044
1106
13069
28538
2034
1465
12476
9876
2902
1156
1961
3581
36190
42775
19156
40455
19652
18351
1043
45246
21535
44875
35304
26389
44772
35453
31835
17853
25765
30277
13183
33059
37870
24369
2307
32764
47622
43776
31711
47095
34752
34796
1534
22734
18177
35679
35395
26691
25916
17934
34847
21478
3128
28220
9776
3006
26254
30115
22152
2177
8394
28074
19213
13372