84
91
167
292
79
131
71
97
569
79
71
75
78
89
72
68
57
122
37
998
100
235
79
72
102
98
86
112
117
66
93
97
83
75
392
91
108
93
87
1043
135
150
96
1095
105
59
89
98
58
1052
640
74
100
79
93
734
42
87
105
82
814
63
82
337
301
69
49
73
84
73
71
130
165
85
81
97
91
115
115
91
149
126
836
191
107
81
111
110
76
76
103
287
98
680
75
74
60
159
84
115
63
67
371
116
214
554
69
72
22
142
75
95
180
73
98
148
92
125
74
84
78
97
131
505
168
126
66
74
115
25
83
249
975
89
41
29
921
114
85
1127
194
93
94
91
78
94
96
2908
457
181
416
91
241
542
102
70
69
76
57
95
79
63
84
637
656
83
651
125
79
104
90
86
62
77
561
49
74
136
1150
128
93
210
386
16
30
37
104
70
74
75
70
95
508
108
94
123
67
56
97
200
124
221
134
112
75
66
311
836
83
84
160
575
144
277
100
138
165
82
89
168
96
100
83
363
142
94
73
85
92
103
69
95
66
97
165
81
142
90
88
81
131
245
81
174
172
82
136
24
113
137
76
82
87
78
59
107
76
118
272
97
64
96
93
79
68
124
75
86
76
111
75
142
74
54
192
134
80
81
126
87
108
120
136
87
338
97
64
179
92
78
97
103
140
117
112
74
131
93
62
107
89
90
56
327
74
72
63
54
102
739
1019
131
343
606
163
96
70
210
97
90
113
16
65
98
69
132
130
80
94
63
96
629
45
152
800
120
78
194
45
164
60
77
113
69
541
101
99
91
400
79
79
34
63
574
126
84
79
99
238
88
120
186
37
94
51
72
94
91
79
68
46
103
80
80
63
87
75
68
69
76
169
131
94
51
140
80
91
51
119
170
87
75
102
74
65
99
86
76
76
77
97
1242
64
65
107
72
197
94
86
65
144
78
73
113
259
42
45
111
175
81
69
81
50
88
66
118
92
179
901
82
67
69
77
76
110
91
71
75
56
71
87
214
90
100
139
73
73
80
109
90
110
86
63
232
468
73
77
462
388
67
78
109
48
103
89
79
128
113
68
79
71
743
97
75
738
86
178
348
83
464
97
122
60
130
123
96
75
79
291
111
66
63
78
86
34
135
54
864
101
118
89
135
79
94
103
93
90
72
102
79
135
73
66
80
60
407
134
193
195
67
188
69
93
80
78
560
203
322
51
143
74
16
132
53
58
79
1828
102
138
167
112
119
358
398
577
96
72
86
100
140
232
82
52
93
93
83
119
76
187
116
579
424
88
809
28
191
440
83
78
93
60
127
118
82
99
77
72
133
152
84
352
951
361
336
71
316
1322
123
96
107
66
87
108
132
85
443
68
54
91
57
94
41
83
65
146
513
82
113
141
102
69
344
83
95
152
743
178
91
86
145
577
84
118
70
57
30
150
97
127
65
683
147
293
124
1138
95
33
102
138
102
126
535
53
85
124
82
82
105
802
81
226
75
72
94
73
341
70
137
1022
102
66
68
75
158
197
70
357
747
137
84
284
441
136
130
312
67
90
60
136
878
129
1815
83
66
104
106
95
75
91
85
75
21
533
1130
79
71
82
80
77
479
78
316
99
102
145
1039
30
150
109
98
80
38
287
100
63
70
15
191
92
85
84
149
91
67
635
72
91
84
98
131
101
85
104
155
84
746
83
88
518
146
259
59
118
346
138
67
69
129
104
362
117
149
69
83
118
45
88
80
414
101
71
89
91
273
107
107
63
90
83
73
111
133
1203
51
101
69
72
52
65
64
513
92
155
78
107
97
54
54
79
85
100
538
66
48
99
150
60
91
129
620
109
386
183
584
29
85
365
644
68
89
69
99
73
79
129
66
47
77
456
900
700
76
126
180
88
84
107
66
66
93
1171
356
146
164
612
81
84
130
128
25
712
494
89
86
362
85
107
207
317
88
100
83
65
81
83
103
93
90
151
110
71
166
221
180
94
73
157
54
69
70
224
1985
585
728
155
85
491
157
65
71
193
92
942
71
65
134
91
97
83
68
81
92
81
78
127
789
75
61
82
134
47
84
78
282
98
165
102
50
38
78
146
84
80
69
78
82
77
269
87
87
52
80
454
137
95
248
69
347
98
67
56
108
91
52
65
37
654
84
136
84
1205
857
119
133
90
86
811
108
86
81
457
54
78
70
99
196
53
86
91
108
81
479
99
416
500
56
68
163
76
78
140
73
871
70
93
83
77
75
127
91
140
195
152
88
128
93
87
354
93
84
691
80
736
206
95
82
71
86
1090
109
97
87
65
513
66
167
120
90
154
71
46
95
131
146
89
183
87
78
68
579
108
133
211
78
48
87
87
262
203
134
142
113
102
100
215
80
59
145
90
78
151
120
106
509
89
83
130
221
105
82
105
89
133
605
68
65
72
86
98
104
76
108
107
162
85
137
89
104
68
85
85
73
97
85
96
37
135
814
130
55
157
69
79
132
105
157
87
162
58
177
149
133
199
1065
83
385
96
119
163
797
79
77
676
98
85
73
78
132
199
833
35
85
174
68
158
104
110
88
118
61
95
565
88
511
80
87
761
254
123
59
89
100
61
52
66
69
31
741
78
142
79
69
102
72
75
196
84
75
163
566
99
52
133
88
124
102
856
96
91
73
101
208
51
83
71
269
58
104
72
744
89
690
73
97
62
69
89
92
724
70
120
91
85
121
41
105
96
67
85
522
105
89
55
82
91
47
97
566
77
100
220
90
123
77
813
80
544
466
33
90
108
99
125
639
337
56
69
58
96
97
175
103
85
79
670
83
101
44
155
84
91
53
95
94
843
91
429
91
110
163
136
25
129
176
72
151
65
91
558
78
627
87
85
73
925
64
111
75
69
38
853
78
395
162
377
90
92
45
92
79
135
80
72
91
100
87
51
60
57
24
642
62
142
72
132
77
88
90
81
87
73
96
108
262
57
197
170
106
82
18
91
91
122
147
119
130
336
66
110
1228
382
83
28
64
554
62
69
547
59
121
87
104
90
57
134
91
70
348
81
71
94
91
62
385
250
67
53
95
130
99
88
148
117
325
62
148
102
114
82
92
610
79
60
456
77
186
73
71
132
151
72
61
95
73
75
83
72
90
103
145
86
49
68
90
84
48
80
298
1115
116
114
96
85
168
94
166
49
73
228
90
70
74
170
96
77
116
467
82
233
61
112
70
65
110
93
51
72
73
499
255
66
87
100
151
65
79
205
170
121
529
454
70
140
101
75
21
132
116
125
335
73
86
99
86
80
116
545
95
283
191
73
201
125
104
652
90
68
201
107
132
153
90
868
97
144
306
43
33
656
88
103
110
87
71
339
69
71
105
80
68
37
83
68
76
121
87
72
97
80
97
94
102
107
74
1017
152
127
113
141
43
93
94
84
44
498
71
161
73
104
66
84
104
366
79
36
86
173
92
84
564
88
1178
385
87
90
77
84
26
131
298
81
145
1294
87
199
49
81
86
25
68
189
84
863
927
81
1152
93
76
1049
94
612
73
158
53
118
49
87
118
39
80
91
237
78
442
22
81
285
108
36
71
879
1244
94
102
73
396
80
79
39
75
490
111
123
86
231
144
60
69
29
96
70
101
34
87
74
380
72
79
230
83
83
176
22
71
123
92
429
116
78
198
2843
93
60
69
230
134
170
373
109
131
80
83
65
79
60
125
246
171
93
574
387
149
40
86
346
86
74
84
83
689
84
95
49
68
78
143
54
57
87
91
80
138
102
114
268
88
177
51
65
78
70
80
58
91
65
31
48
97
345
99
84
74
56
103
165
65
78
92
439
71
86
112
80
104
664
75
104
172
95
78
61
38
94
91
364
147
169
93
79
76
103
73
461
111
80
76
87
97
60
46
97
65
60
69
81
80
89
82
34
107
303
78
620
23
77
81
108
74
68
1268
87
304
25
87
73
77
91
21
77
47
103
94
81
86
155
93
475
132
77
90
98
83
86
50
126
361
80
82
633
53
244
91
792
96
81
70
126
413
849
142
70
76
108
61
78
76
88
67
72
120
81
107
123
74
174
79
84
50
74
86
102
568
745
235
76
68
73
94
83
47
86
87
102
123
636
145
1023
103
653
81
86
557
144
103
77
62
73
111
121
72
29
53
77
79
195
79
1844
759
132
125
434
79
82
134
666
250
108
83
94
92
312
192
48
117
84
112
97
45
92
74
69
55
92
568
621
73
81
145
43
75
94
70
244
90
210
100
82
77
52
113
88
146
69
161
769
522
100
228
1638
99
86
772
66
67
59
84
86
61
172
79
65
72
195
346
98
71
84
71
69
74
81
87
103
92
45
90
884
108
81
76
45
85
138
61
66
125
132
31
159
204
302
75
134
103
84
88
76
88
118
954
307
424
490
647
79
97
111
168
544
29
69
75
98
52
60
99
306
103
87
72
92
38
112
98
161
86
82
97
100
82
88
687
118
260
87
93
52
557
83
1451
211
373
37
69
170
72
171
101
127
96
63
26
73
212
662
81
161
119
81
156
572
74
71
83
79
111
110
393
78
53
129
71
78
327
85
86
76
86
44
125
90
49
560
146
113
345
598
82
90
78
92
78
122
70
80
93
94
79
77
93
46
77
107
107
118
360
90
83
138
102
68
87
79
116
74
57
77
76
94
83
68
90
122
72
92
112
73
87
80
72
102
524
64
133
240
85
133
54
93
128
381
464
64
85
98
143
100
442
61
731
88
65
76
71
86
83
94
61
92
104
97
205
45
455
67
65
38
84
78
135
73
139
95
700
65
103
97
106
108
275
74
275
17
81
107
60
670
34
103
324
97
536
153
76
309
74
143
298
819
777
30
71
74
283
401
75
92
80
71
347
793
78
66
165
153
349
117
507
154
185
68
96
236
102
565
93
660
90
147
75
400
112
22
105
136
66
1186
88
375
34
126
108
85
60
148
731
73
62
29
798
99
76
66
89
810
73
58
1320
75
81
455
78
73
402
539
86
800
102
85
72
75
245
131
127
95
106
73
79
75
87
46
107
87
57
213
81
39
119
31
55
1089
65
100
908
81
139
1130
62
84
93
85
92
498
82
95
186
123
94
87
55
85
93
163
113
58
37
78
51
58
134
148
78
60
142
81
88
75
86
23
181
121
148
77
94
49
97
143
84
70
89
143
130
164
116
98
