10092
21413
48842
2584
27317
29618
2345
596
38479
24488
9060
25042
24435
23776
17894
2572
33748
31322
25891
3015
16115
13434
32518
28047
10179
27924
1200
1788
44874
2471
8146
3025
1374
2718
42700
457
657
732
17056
3318
3302
33324
18352
10640
37150
16623
668
30558
1421
31012
1985
1099
27313
508
3103
29602
16796
1259
11726
31770
46685
17027
926
29835
50354
7680
39279
34179
13745
651
27646
29942
23526
14970
28952
25457
28484
3043
49356
14115
8976
13910
1155
11579
744
27297
22160
2999
30307
2857
8994
16781
38483
19446
19233
35313
33624
20768
24022
16972
29978
8594
2397
16513
26147
8891
38383
9241
34176
644
3107
14893
37293
3298
32931
1407
1420
11993
38478
14333
16645
18674
15648
34771
33749
30002
32692
27544
510
699
14785
29016
2878
15945
2220
34703
35908
50044
28278
7570
21329
23926
24559
20481
3455
414
35429
14117
1583
18380
20818
16145
1330
41840
10474
9983
48863
26509
29834
10369
29762
31581
1747
2231
50053
35634
24147
12037
23542
31308
855
21108
24174
22071
31297
23870
991
7578
34670
8407
2500
9919
21442
14364
35401
7700
1004
1024
1528
1416
23844
16266
3100
19590
3462
3445
25245
44394
25634
11408
2625
49635
9561
16987
709
21387
34013
713
8946
7689
432
1403
2446
31929
12178
2913
2237
43990
39153
9793
19721
42653
34667
37234
25607
2571
362
3483
35669
34701
44118
16875
16907
3293
18598
29759
12044
8221
2452
41466
36431
1604
20568
8525
42911
16850
8072
2997
37852
1442
27571
27905
739
23677
15357
16743
13894
11047
26263
27946
23676
31622
42234
4332
10997
30272
29992
1715
29333
13877
3035
25753
7469
27595
32035
35823
24040
14134
18602
18331
14353
21110
21109
23626
15555
29122
15924
30553
23873
9148
44630
36194
3237
662
22214
21072
7546
2421
22686
35654
2938
9027
24709
28957
34616
31432
973
17639
28421
34770
40889
38987
10736
44022
16477
20184
1448
47292
8464
2155
1159
4072
1294
33905
17161
46835
14839
9608
17726
491
34033
36621
50852
7602
36701
25505
870
13581
42152
18329
31446
8446
18857
11787
43255
31011
28068
38486
16590
1278
3367
12385
31122
10752
25404
43235
17592
8217
7713
8797
2827
479
1190
2903
37157
8418
44917
14177
24310
15293
13003
26978
17554
25697
15596
21569
38506
41764
12301
18316
30628
2257
13353
31677
22259
1944
47466
41682
2989
42588
40635
27414
27352
38522
49959
13499
15605
15625
10757
21302
2731
42763
38280
14881
10951
14636
18371
18521
1085
490
22190
26155
27957
18349
3061
2033
783
34234
37134
341
5115
19604
11714
1277
6987
3012
10944
18526
42680
24806
22581
15397
26000
3301
1926
23512
1560
29825
50836
9715
9092
16052
1815
1888
1318
1003
1548
24685
27647
17442
30776
2148
11884
14693
24702
534
30218
18287
11727
11070
2764
36512
13502
30787
624
2085
41611
22586
43844
1424
923
1386
28539
11845
16520
18328
23606
8434
41088
8215
22597
30457
1659
24854
35824
29686
42073
3469
2876
23093
1072
1490
12852
22629
1269
2396
3359
35571
17148
13320
1732
15386
11733
42783
7820
8211
37505
40819
3050
5858
3596
37957
17551
14728
32225
11045
14450
476
7547
41634
811
13153
10477
7448
42656
25331
379
9423
17144
1913
13593
36865
35267
8420
15654
18396
1728
448
2432
1997
18375
15140
2777
31579
444
47382
573
13182
18176
33255
20537
24188
2507
20767
1906
28654
44084
16904
29432
9079
21001
15891
934
1308
21200
21429
7942
29225
18500
35412
2875
50058
24546
35879
16464
2559
3068
22377
23433
2275
44078
2817
49238
43520
16271
22152
12410
9574
332
2710
38062
18499
12133
3037
1488
18894
44114
15653
21579
12021
2958
14354
24311
7846
18625
8896
5121
1463
25516
22631
3383
16644
7931
12412
19521
31483
45168
26088
13918
18175
13812
7587
7638
24500
1078
1313
18384
32558
10988
4348
35443
8371
43658
30066
11634
15418
29932
10702
9856
8918
10655
15348
34742
11039
9660
2715
21478
37429
31592
38988
21058
29562
36246
17284
7466
2428
38108
38481
15693
8895
9427
27960
31991
17297
591
4165
1521
41224
12085
32227
8868
14591
8989
2801
10900
32011
36291
24966
33033
8805
24692
18094
40138
1167
7870
10766
18642
9000
25995
2905
26134
30572
23132
38480
9545
2924
2972
1574
30331
31839
26819
25590
34382
13301
10340
26228
19571
42872
24041
31580
34295
35915
16519
8354
8727
1157
31703
12665
1730
25775
14165
469
820
21005
31453
24792
10386
25292
7588
24971
24271
28871
16444
26003
34552
40434
17239
7318
49850
24516
25481
30580
33909
15544
16231
26273
1135
26492
50858
24268
14327
9507
34650
42104
39132
25800
29398
33357
29641
24011
1459
1848
22858
44037
2690
2191
31401
3605
1154
9671
18651
7875
597
27768
37336
40431
47313
2084
3981
26763
13306
28220
22435
32861
787
2399
3073
26475
44911
17051
18395
12407
22185
17998
19971
889
17257
31821
612
31424
22534
13755
18391
2701
1589
1847
8234
44304
8790
35686
31591
41950
30997
50222
27536
35916
24065
19612
21972
29223
10333
51171
31298
2883
464
17223
13703
14205
1794
2845
14026
21668
23029
2616
23864
11980
37191
34802
32478
11002
41186
11054
17188
13482
18828
10528
34766
1974
11041
19993
35066
8738
3731
3928
1975
1012
2024
1153
30774
35682
487
340
28826
41153
30871
12075
36669
8967
28525
29196
16737
906
44321
1152
27087
30802
7581
8831
49949
50017
32812
32083
38193
24782
37958
13592
33030
49822
30258
28329
32128
33828
25220
14232
33878
24306
22977
2125
16901
3051
2259
1246
1663
2000
33613
17587
24062
2535
33687
15742
17275
19018
14172
18318
2750
27954
28815
10567
29662
1022
572
1955
16977
1304
2002
1469
31540
24046
26525
28365
12296
35246
31225
14929
21382
1467
2477
28622
0
31206
43295
42262
839
2491
42450
8959
849
2230
28461
36858
876
37932
1682
2985
424
30899
886
30308
32764
25509
14168
36667
27856
12292
24674
27230
8650
31303
2853
2866
892
2730
1842
3463
864
42254
1878
20769
28319
11699
7764
2338
35244
2086
9283
2734
19486
2480
1261
34513
570
653
1722
9245
10991
34445
20271
23079
26014
2270
30133
19483
41619
24316
28628
17234
20888
3017
920
11908
1080
2737
40387
31147
34501
49041
12844
3250
1787
1185
2977
24063
25523
22752
7807
12397
33908
33912
2425
33852
29861
18595
2587
792
29002
764
1485
2553
12344
30975
36657
21237
17221
10538
35944
1803
31534
521
15546
26533
24649
1542
12248
37849
2770
33886
1143
413
24496
31817
16739
22743
33885
3075
30319
23672
27421
7549
33805
3183
8990
31632
35822
21708
33129
2064
921
26113
30054
3185
3405
854
1028
9668
7791
27959
18623
23172
21662
24434
16684
29953
44574
2184
3844
30965
1837
3500
12620
1229
39227
22212
33024
8284
23136
23199
29383
18513
44955
23390
13674
28516
39583
34883
29448
48540
18586
28330
1963
7801
46461
41170
2156
14213
1507
9504
554
1334
1470
2847
620
24628
3447
915
960
41732
28980
33059
3196
15711
26206
17715
1999
48736
35584
36072
16663
39749
33048
8768
15983
29013
44674
4195
2091
3835
21317
8675
7787
10803
2758
15000
7442
34628
30646
25164
25498
46741
18402
1357
1894
19541
24506
28168
30648
8781
47723
29435
2015
3134
16089
18366
14057
15349
25355
16722
20757
35975
33676
11736
24687
48052
27603
19448
24307
15776
3300
10817
17685
2288
34834
1759
28069
16678
29696
24583
49951
28748
41230
17395
33853
19172
31930
16315
1282
9620
32505
3214
23758
3386
45090
25395
31932
19572
40766
4171
36863
35650
2713
15340
29779
44685
32199
3343
34189
16761
28430
41971
13095
689
3460
31602
21818
20674
47875
32491
29636
27976
18412
12928
49637
43575
30381
19718
14798
12034
32612
2620
49245
42471
3489
39331
45722
41888
10654
12031
24819
30284
37625
10956
3020
947
15659
36354
3387
1829
46263
43557
37626
1221
31036
7548
24719
33711
24833
41571
42655
18045
2079
953
44012
26920
19471
23392
20903
35712
9581
28966
9367
12641
14626
16507
1980
19012
24611
17902
19584
32452
15907
21327
24267
43226
51176
29955
20159
25453
43149
1882
3255
44776
14696
22655
688
1109
1019
43357
19911
21124
7532
20155
30081
34698
2273
25375
31160
17290
26010
34364
27885
12457
8635
2133
41323
1031
29445
36962
28439
22525
35093
33718
2410
28336
1551
43243
28752
28451
38734
29632
1312
25585
25467
10915
17951
2921
18974
26210
23840
9743
2368
3963
8366
10609
22075
41969
2576
16848
28181
16983
25929
48486
2424
65
10043
23669
27242
13069
36532
29200
37096
13174
961
40760
28071
2269
2552
1298
1897
1578
12623
37331
34761
19247
12111
36770
26151
44759
31245
23575
36178
35961
40459
2768
42583
28723
735
3899
44198
38180
20277
26566
37941
2134
1664
22852
35409
43996
25618
2284
37340
36496
35485
15156
35424
3316
26208
27920
32874
36501
28683
24586
9353
1375
10033
13337
22192
32509
1071
1287
22466
36294
10824
34435
36168
2934
1956
29301
8465
44007
12026
2028
5490
1875
3843
44448
1799
36446
11794
1176
26107
23794
1376
14867
28325
9875
1678
1037
12739
36829
32903
552
357
42981
2860
34578
1826
21751
3929
349
2996
9553
15096
34612
1265
25766
20268
1618
29533
35576
3442
1060
20656
43689
20896
30323
1735
13283
29738
15689
34099
23728
18742
44073
31262
9914
47196
2914
19271
3022
2722
987
1289
12406
12498
3401
11078
17383
2821
796
2918
1217
2330
3070
2944
37193
35392
32022
10749
3429
23919
24733
15438
32565
42072
36482
2515
50887
11852
13109
15017
2955
29985
25139
25791
36649
7884
15427
41536
27797
47374
8362
8229
26253
23653
23600
2171
18225
2045
17240
16844
1435
10198
12955
16045
49030
34674
9446
50846
2884
2022
15404
26687
29202
34333
32928
30055
24222
34654
39719
9458
2381
3199
3388
29222
18587
35398
3990
19212
37176
2218
16989
37189
3379
16111
33959
40073
19398
13363
2787
3153
36628
32380
11685
10202
3242
417
723
11048
19909
27315
28536
15025
13682
17429
43864
10789
10948
1096
2170
1964
2740
8978
14095
13052
451
16732
28819
8828
22423
23931
34363
35724
24831
1948
36342
8813
12254
13946
8924
13796
2537
2837
887
31787
20755
44559
25917
17272
29053
44485
10984
19348
27628
22565
37899
983
43867
10551
22724
44240
38055
33272
43866
3436
3502
22573
3142
34840
333
3235
30130
23467
754
20754
7443
11975
964
35779
14733
11420
21245
35938
30454
8691
38466
7885
1880
31436
20596
16891
40183
3286
670
20284
28878
615
1323
32193
2180
13251
25603
16604
3082
1641
29648
31680
9244
9242
25709
26797
2308
46068
44293
42470
38527
15401
2953
3029
26615
28208
27901
33925
23351
617
49660
7479
360
20638
33785
7802
1207
48493
3172
34743
44512
2681
2250
29987
821
7865
25804
2864
15515
36086
33796
12320
36348
627
29392
36199
19235
18657
16718
25836
37434
8824
37516
28710
28039
25079
19138
809
2863
19670
19058
28940
16244
41389
8853
12416
44858
8998
39917
30294
44265
9098
31704
9453
23908
13476
1741
20791
7574
7573
45862
32148
12337
10334
14122
14903
39302
941
40763
23664
2674
2433
9138
16978
31420
29487
44941
10610
731
19156
40554
7956
44780
19984
13164
19372
1007
24458
25944
16836
16789
25141
35440
16612
44998
34352
16906
32882
31582
15128
33870
25852
34183
9673
16735
32445
7970
7510
24756
10479
24554
20364
8107
34516
28006
28035
15547
38925
3356
9776
23927
44053
36390
8401
34975
23145
33839
7971
8887
44906
49623
33915
20367
29860
1258
9999
23981
45968
40062
25200
22228
9781
16508
1555
39305
23991
14395
29023
16545
46206
3007
18092
30788
20535
37758
35940
25198
2505
524
3067
15284
20539
11402
16276
38668
27636
17231
7673
36467
16587
32480
3045
32703
7612
27372
25714
3481
25627
35609
10907
16565
965
13105
22666
34855
13747
36349
28488
31962
25454
33192
3837
6749
12395
1580
28298
2561
7874
14445
14787
12399
25737
33692
8999
8694
39059
7488
13678
24154
25644
23520
897
336
14351
19359
19127
25915
15690
20162
9062
37231
19552
8241
27774
13905
18720
15332
25050
26435
8775
3926
18582
12494
8227
2567
1868
34773
25705
35523
47145
2335
27113
16868
24499
25985
26174
3578
44225
1136
12749
25741
10798
33732
34365
659
2005
1125
30613
43748
21451
45017
2668
1068
32838
23681
7878
34436
2919
16898
9488
30545
32009
27440
21405
48501
34132
41168
2387
41921
39037
42092
12616
6368
20026
37870
29256
26252
14108
18345
38208
1971
19042
9413
15012
44806
33750
1353
2054
1077
50856
582
30221
22880
18818
1360
14504
15565
2915
2260
36192
34446
44610
26355
1838
35179
43977
40661
36567
41573
30059
32409
15667
567
39525
3748
21896
34412
13963
33716
15343
44529
840
15684
30000
2356
18057
19093
7440
21241
2619
34452
28527
40165
37744
42875
31000
14568
40740
37776
32810
12507
2280
455
30073
488
2503
24080
1412
2150
15410
472
9207
16912
1345
28244
1433
9475
7494
22678
28534
34811
8983
8036
10481
10022
15962
18719
34503
47865
1954
7808
2117
14683
17576
24287
16741
24068
11486
27709
3148
32008
13176
10321
16799
8889
19768
7463
22181
30114
24921
36123
1972
1011
16478
21192
19693
34325
19587
21207
27560
11629
18571
27631
27356
22828
27629
8820
1104
19153
23928
12335
13693
15138
36171
27291
707
13746
2547
34030
24795
25878
7949
20710
34624
2291
29482
23977
19440
32168
20482
1266
35643
33788
9652
33821
12323
14714
36037
1567
4086
23803
33103
330
3170
398
1193
12269
1738
8857
14558
10760
20773
28316
29802
40004
34828
16803
2611
1061
1646
27462
21214
22156
26826
27455
17620
3136
799
38292
8157
37186
24119
27558
32448
13663
27804
14687
27746
17769
21502
8792
15655
20151
1456
47203
2717
25239
45478
331
2065
992
36014
50042
19263
48530
19268
43991
43974
29640
30464
19673
23309
18600
32792
26261
43986
36152
24472
25463
3284
19005
3236
17105
15148
27583
32535
37111
25370
41710
30416
25327
15708
43597
34474
25960
30574
32138
2160
2933
26496
1462
7432
24432
1237
14795
12933
33913
18887
8449
3225
2533
33279
10561
11359
14069
20254
1098
8674
10134
35673
8123
31801
29857
22592
1898
2223
32907
45004
684
18804
14128
20157
37105
43105
37345
36709
27126
42308
33338
10769
33861
24032
25838
35972
29931
27104
49084
26828
49718
50121
28361
44613
39300
14906
13077
29449
24629
36742
9137
8363
22432
31390
33742
1916
885
50893
661
7987
34098
10905
32997
32282
36552
26011
46966
11172
16968
1205
2198
13023
7521
13780
1960
2386
31080
20594
28837
14059
23636
40686
44381
31789
19258
24015
17285
21073
1790
3001
33387
27466
44460
40238
25888
36130
16747
34638
2445
13770
15125
42356
7552
28727
25150
37736
3192
2289
39441
20069
17449
23872
32833
22478
1027
1632
33108
39098
625
690
10545
16318
636
23952
9981
30524
27740
40497
42282
23759
2034
3996
25131
10703
22833
33472
28541
20306
25460
29065
30041
9024
3274
31886
1188
656
2645
27967
32188
12134
37628
9159
13183
23706
25243
8202
31219
12890
24540
10081
33865
24115
31584
24915
35146
10355
14849
16273
41320
32736
44965
30280
3063
17688
3064
8252
20646
16842
32818
16852
32759
34898
24116
1041
24580
36506
19317
14797
24686
37897
10097
17952
36902
44870
37482
23652
1182
11037
47661
20253
39600
36048
40031
11783
38622
9564
32650
20462
36442
13332
10783
24863
18964
31078
27790
12329
21410
50082
19178
44896
29037
7535
30665
46076
36583
31430
36594
43873
33756
37322
51001
33629
23733
17457
31256
24584
1466
3441
30238
49634
31765
1045
1516
28422
39015
42472
45978
15981
22357
10947
3193
1807
19118
19774
19417
24536
28544
24054
12883
33929
25464
23994
35589
33257
18722
2042
3403
28528
37825
8716
44727
17415
32346
530
124
38848
1484
1792
40526
456
643
25722
34145
853
24830
28795
36477
16654
35582
1126
2188
43788
32555
35030
17674
44013
21943
12278
15045
505
47281
24495
16764
24193
47041
35351
17498
13462
18181
1697
41021
18107
8709
1556
22763
8729
9335
20296
2131
22928
14198
38308
25326
18026
2423
2378
29730
1765
28661
30121
10705
3230
24682
17030
9584
44135
24525
13241
26245
27917
18016
21010
30064
38510
27791
24783
3478
19194
32829
3331
21129
17438
21142
23695
21802
4212
30968
16357
31996
25374
22746
37827
29752
35212
49097
19611
23709
33893
7928
40085
19303
48728
18624
19702
26067
2404
3428
1860
27634
30634
19967
39681
12298
10264
18501
28540
25916
25312
7517
25385
24838
25228
3735
25371
10354
9556
14461
34006
44214
30089
15928
14063
39892
20703
18665
15002
29817
27916
17440
42376
14628
25134
16970
33144
46922
18524
28152
15984
27764
32082
20529
22730
20015
39139
1520
25402
35729
36623
23774
28368
38623
35645
35659
2508
50289
7868
39239
16031
50030
368
20547
33754
45770
523
36622
8073
28482
23142
16839
15820
16509
29466
20783
32479
44582
37471
2879
33266
2908
45467
12878
17898
12685
2057
31629
23910
15718
23059
7542
21074
35084
47009
27411
9800
20061
16731
14985
25419
10553
2118
22637
35920
22676
3392
985
19681
12241
32116
17920
31820
26455
20632
21146
26027
1575
3028
21571
31682
16975
25671
14899
44549
27553
30767
10901
16245
41213
47095
1408
24523
19689
50140
34324
3083
43421
43214
32056
32058
14466
15442
32554
1736
22572
43444
27869
2454
1795
4341
11767
22278
23434
8655
22040
1358
443
8345
1285
42657
44954
43052
2818
42546
31795
11851
12578
28638
19183
2266
43644
28185
19605
22361
18347
18663
14605
31209
50276
26810
32031
2644
26177
32619
15729
13652
50209
17382
37956
9654
29938
7397
13234
1062
48270
1855
11676
20522
12972
12820
14702
1649
515
1565
15943
14441
33897
17581
21064
24485
35980
33447
35249
29750
38721
16728
17067
36257
38085
21929
17025
37300
9503
12826
23719
2394
2800
1745
9785
32385
13010
26444
25972
32371
46439
33817
40765
19117
15825
17222
14468
2035
21671
30108
29651
1886
9471
30301
8697
7759
14084
29694
8960
14817
36206
28274
1070
1920
19671
12870
33524
16053
13328
7822
7182
350
41442
41349
14814
19450
3545
20114
25508
35125
798
2568
18493
37225
34467
35242
24013
26059
44753
47170
1325
2332
26020
31045
46592
33745
20334
28490
18876
3692
3877
1069
1596
1550
36277
2831
6999
44410
50092
33366
22081
50127
20709
41212
34396
5063
29626
29964
33892
28142
40913
11164
24543
34236
33625
3381
49526
11126
45184
35484
1088
3132
17182
18930
36857
49449
32049
2544
3162
2670
2365
948
12867
3204
25253
49371
10087
36733
19573
9567
14237
23442
2746
24811
36016
20637
15795
2115
17699
47561
13629
32771
1477
24053
32050
33328
12875
27563
33784
25069
4118
2694
12401
17598
33198
24560
38044
18927
31359
19994
25744
1523
16603
13065
1474
3060
32545
884
405
44258
12644
23130
22657
10455
29012
1539
32919
16261
13672
39918
31851
44949
38360
22137
36534
8961
4303
33702
13531
844
29605
8109
50016
25455
31638
36271
2836
3002
28138
32037
48371
522
50170
27517
19312
24669
520
37308
43776
31326
25674
32564
32451
33914
31399
21106
28945
32194
23957
20714
16107
44801
1724
1946
26980
34663
1307
4124
20519
35816
25743
9884
2479
19100
40857
46088
8255
33227
9099
14418
4180
2475
27282
38528
45624
8726
32835
30638
35860
27137
10076
8710
17329
30476
2839
1391
31474
16506
15035
41577
48380
27001
13325
15015
12340
33992
10415
30862
31792
20964
13149
39440
27320
3971
34668
41259
34826
2450
14644
14793
17936
27499
31304
40616
48164
1600
658
10989
26161
43664
30324
26170
30047
19789
17347
27441
1252
22136
32563
16323
1430
48720
13296
1239
2786
2016
498
44237
958
2859
32412
23529
21006
24425
43018
20054
17354
31438
716
37324
39316
37348
21118
1660
22744
37473
1383
35287
35282
37109
1263
20796
29121
30165
465
2197
23790
1091
31264
8481
10564
16062
705
30491
38730
30004
46883
17435
3511
2226
23979
50688
1684
8535
14006
1145
30098
422
1053
26046
27732
17262
30439
38860
3198
38165
32342
40137
18799
32520
35738
35128
13932
15285
35741
44873
32953
15396
44880
20406
11393
40326
31878
17426
18564
32332
19574
33096
19715
20480
48967
35664
31440
29360
31555
35694
43158
42577
38533
2453
27612
3487
1262
33820
14258
31456
37273
45884
25577
45278
8714
36362
21774
24213
35666
10661
15136
31116
11697
23914
7515
32398
24337
35251
14452
23427
18589
12619
32561
32344
25873
26172
7513
29890
8942
2214
9373
31216
19265
24261
17227
36784
41646
18095
44153
2376
7708
34451
35716
35854
43345
18401
14935
23992
34269
22034
25765
44557
28476
23748
12500
43747
45575
14730
23574
32905
24688
3962
774
10638
1128
2597
24033
12912
9898
24219
36036
26452
36874
15579
19723
10178
18379
22949
42993
17348
722
415
19801
17744
10316
8139
10168
32952
25473
26064
32899
32331
13151
19013
22644
36280
40003
30675
35675
34675
33386
17899
1257
16677
43463
22642
21259
17586
35166
10460
33744
39193
31085
48190
10463
1602
20641
23430
13613
1114
1017
9784
868
32354
23098
15788
34775
13623
8089
28300
18047
1419
974
15446
44471
11627
49857
20986
13706
32541
21910
19126
26429
38424
30548
38439
17432
31076
13116
19902
27619
28736
10397
33261
30518
12206
12893
14393
18126
25143
13528
10398
21909
36022
19503
9104
14272
25148
1510
13042
29720
2521
1102
3314
2297
43773
22771
46203
25494
14604
24803
22738
44134
38926
40764
46308
42110
43965
7709
3233
8436
7817
31744
44426
33842
8647
7739
27402
12647
32725
11177
18174
21906
10968
35851
1889
44449
16851
467
31042
37346
2221
23771
17535
2499
25346
25482
26516
10945
44787
41503
47161
1525
35628
34003
43399
20126
36646
36651
36961
31159
19726
1761
29177
10100
17572
29018
18541
19091
1050
37596
33270
34677
8991
35981
32151
45930
50165
14572
38118
19010
37774
25579
8996
17018
27793
25955
41015
14642
27780
17340
41151
32637
31898
28904
1395
38338
30499
33874
36633
34599
3941
14024
19920
14645
9572
13789
43404
34368
28202
35728
34387
1615
50172
1255
27191
27613
1445
4009
14322
32534
998
2296
10721
2044
1869
2283
50249
32946
29928
19701
25158
2109
2349
9915
18520
25480
21607
29927
33759
13869
7497
1662
25333
14884
24983
24545
10614
33372
43066
19147
44103
28226
8439
43588
22099
46382
616
1063
36848
14120
44594
763
3631
36776
46047
14146
29525
37913
24872
47118
2409
34277
36412
44458
15899
4156
13589
29315
10507
3140
3839
499
46012
16234
12628
22077
453
1656
1547
2055
1701
1923
31942
13504
23516
17439
50074
14658
24002
50171
20258
47263
20771
30011
31467
2951
23193
34590
15830
19299
2238
7499
32075
47743
24510
16974
29224
780
24675
15338
35199
18485
15325
10503
47712
42704
28381
42592
12574
20219
19464
2890
39238
28946
34572
11034
10986
30051
10700
1380
16072
14748
9670
42779
26056
21155
23410
28672
32577
7989
1502
17045
45977
25230
14124
24467
36108
16596
44054
41240
44667
19136
35373
9428
11136
2846
24073
33029
29734
12668
32364
37519
49261
17690
30315
33027
50297
48629
19300
40156
35655
27799
30868
20546
28564
40933
40611
17362
36708
13026
18723
37338
16745
28052
11107
22239
1742
712
23089
13160
2025
17654
16909
10740
26925
8485
34894
21830
2714
2976
2012
2219
1760
7988
8833
49561
16665
26280
30904
2089
426
15716
8487
3137
1299
12914
22023
29129
20681
175
41748
22612
18494
15242
3363
2083
936
19410
13994
3122
23088
28318
13787
25129
41631
36026
26635
33070
26701
36575
3261
26912
31716
38167
3139
27033
772
999
2788
11623
7264
10879
32429
1904
373
29174
21133
11638
35487
28615
2726
891
22710
50219
500
3174
23050
29218
49961
50188
28994
47533
32956
21633
41458
36330
21893
43120
29437
17934
7216
34207
8140
37320
529
22882
1251
22873
38039
13564
23521
10490
2032
19595
22768
41409
17400
38985
23117
30101
35657
3040
3026
24720
20221
1033
42830
38970
34839
13436
39965
36176
40468
27031
14769
47881
3579
40930
2211
569
26594
30433
21612
12285
37752
7935
48862
43822
36520
19493
44875
28048
25967
13876
20905
23916
9879
31241
1653
31749
30477
7640
7538
28942
8468
25379
482
37112
40346
32896
14185
10504
32033
20281
42861
27502
3830
42862
1036
32229
37953
25496
33704
41166
36670
28742
26005
2542
2482
17394
1768
30949
43128
23565
18114
12545
32296
369
7550
18774
3490
22424
13076
28346
10739
9766
26490
10713
7553
1347
15570
11539
9303
32310
1051
25833
46659
8894
27577
22750
19636
9779
40400
18819
19360
32745
36245
19152
13189
46166
44929
20499
20414
45171
27289
1172
18453
24308
47830
16729
3762
717
34626
24878
7470
46398
19361
12216
25958
655
19972
13966
28591
38815
12858
37624
40589
17384
35289
13027
27896
17583
2703
16695
30799
34271
9908
760
44320
3328
46449
34384
25959
3099
42123
2973
41936
42053
22087
39116
24043
15083
25583
16365
41712
21193
28797
43762
23834
18382
9046
3181
35813
21907
15411
17824
48000
9442
27561
9904
9048
11858
45032
17082
23845
39321
27548
8980
37777
2705
36682
36488
2773
649
10594
12566
9712
18838
38205
25840
8804
17428
28417
20826
7727
34483
44948
17867
44049
45719
33034
11731
30312
33579
8409
44120
2998
43459
27034
8394
2066
2312
26732
29806
8199
20575
32595
47622
30151
4143
1227
50227
24466
33293
33673
389
41248
8808
45030
1753
1206
1598
16980
2281
3287
2627
425
2852
19772
21197
19788
7551
40195
13271
37056
37298
14622
12334
41374
16050
24519
46608
8288
40906
1711
9614
13115
3147
37349
1274
23431
3319
16707
11489
14547
24638
2130
46151
46143
42407
16982
9705
27255
29092
28044
14877
22997
24867
21067
38423
42670
34374
38773
12252
22647
2427
435
50152
22516
8086
2656
1631
23391
15991
32426
16792
29756
13254
34265
35979
2812
9095
25033
12072
40184
1821
5667
19133
17609
26427
22656
18689
8031
9070
44952
23553
22807
8769
32824
42078
1526
24177
30297
8040
25246
11834
51235
43627
18822
34272
20643
34273
7522
31338
2655
1290
23929
19599
14474
19684
18172
15643
2957
8188
26142
35548
24770
25001
24989
37976
35814
901
25377
20228
9304
10771
14166
31585
29288
16627
14713
18790
742
9902
30199
3212
1773
2982
40008
25962
10457
679
48934
23937
14484
12325
24433
40534
15008
18023
23708
12974
32701
30330
20262
1444
9088
8864
9534
8082
12931
9460
18608
9372
16553
8662
48808
34197
46711
47957
40643
45601
13608
13345
11176
49995
12071
8642
31892
39530
42506
8812
44020
42263
25311
12351
621
28551
41354
32453
24072
22134
42077
45052
25893
19833
44743
43618
20347
30674
36248
2763
40094
47544
13197
1756
22389
15930
25102
17140
28309
7922
28508
10336
35805
33289
26756
23596
9348
18343
30164
24706
37068
44129
49856
29813
30123
11742
13587
12524
39653
49784
9199
16969
7924
347
11036
34174
8293
23409
12282
20152
22131
11989
2697
4583
1333
31239
22315
3398
2729
36165
33846
32506
12347
26006
32576
8639
940
759
531
28427
27625
795
646
669
20807
2274
3886
26086
1636
11734
30825
21739
8143
34786
34546
10687
49093
41382
15122
22651
39265
28270
11982
23131
22188
30241
17185
7879
38469
28535
34203
31178
8158
12523
8963
24888
36589
1417
22720
24875
15937
19519
3265
446
44303
21261
43938
42772
10597
5878
18319
28483
32057
1002
33369
2970
847
15197
16598
49252
36592
19628
8933
23062
10261
25491
11886
32722
8099
18410
49020
19351
37039
551
36561
4083
24857
18390
23547
23241
16517
46108
19593
29894
24998
13322
23297
33584
29628
13634
32832
2986
2447
24475
19070
20252
3686
2162
2321
1983
18532
26841
31166
18222
49890
22994
36563
37093
2255
2628
23898
635
46958
15142
25089
3014
3352
34025
22984
8327
9835
29146
12403
19008
27068
36049
37037
36053
2359
430
2922
35190
41683
41572
15913
12342
34468
29804
44768
8708
12345
43994
3273
32836
44796
1163
11194
28932
38691
13951
27958
20991
11419
25383
11192
9313
10671
14009
3751
1118
35708
34542
30186
18342
1054
32913
15137
366
17694
39325
35188
3902
18788
50038
39299
21046
32488
3615
2123
19617
39793
36118
4208
27749
16535
45808
35186
21268
31305
40143
33397
21040
8962
1110
904
18528
38047
7871
39538
2642
11175
38200
11116
10377
1573
17286
21444
14169
40150
8023
23670
44208
3118
39541
5163
3431
22762
17276
25694
42834
20866
8667
2902
25132
14840
24101
8987
34751
24723
13247
36938
19264
35208
17204
22653
50046
12916
43556
1197
1015
34002
38449
44207
31265
5361
46976
29055
45796
3616
3923
466
38157
44158
18341
36166
30611
16408
14999
32065
22193
16902
38364
8426
44357
19496
2829
8892
31615
7572
25250
47083
32474
20455
49110
13252
30410
21262
18005
33589
9328
16920
3412
354
10420
44195
15858
49153
35898
43980
2038
36927
13478
26463
40821
35559
11100
44299
39857
33278
22748
28660
38089
27864
11318
14224
1046
31708
3146
1534
2649
12868
13591
41591
376
12626
41316
22809
17446
14732
15832
23577
842
11605
48868
9350
12317
23944
33927
49762
17986
11451
48604
36341
42586
19103
37099
36679
22455
30220
27586
42043
2680
9164
43559
22566
18046
36796
8191
2163
44062
25925
2751
15628
27437
1302
8906
15545
18671
35711
7655
23205
12650
18909
8795
28982
42033
10101
50250
7887
47527
33777
37772
1856
22453
49166
41266
27515
31778
1023
31272
36906
28198
35839
23528
22571
1571
3055
1929
1195
31631
32395
19505
29154
23344
36764
18861
17532
23228
26965
9649
19231
26767
16600
40083
21023
37833
1461
1260
27633
11031
2522
9238
35258
38864
22462
42692
28497
49395
8122
29859
2748
29182
16011
3263
40567
14963
27328
30852
8874
24636
30843
45491
31364
40478
21115
39689
21844
1603
30857
27308
23487
9211
5426
27549
1527
47346
628
3205
27479
43981
50295
12365
25233
1936
37264
15903
19334
20599
32974
8000
48911
37129
9607
17019
11740
14360
5599
1810
18416
10593
21838
12953
32450
1267
27743
32844
1538
3588
2594
10730
8912
44516
11043
19989
24491
4244
24118
4033
28964
31173
19567
30154
32994
22348
9332
27446
31352
42031
23119
24341
14025
30085
17369
16602
11145
26238
25373
33984
11130
28459
16332
8673
1858
2961
8658
33863
11030
36772
12714
3377
22625
671
34642
16834
34439
2234
37223
34473
33832
43422
2114
25426
2510
1979
22352
30372
4090
4258
9663
40915
19583
11144
40745
43161
44746
44757
2530
31231
14620
35602
31747
25974
37045
29671
29425
40455
3679
2936
29814
28213
48860
23740
48727
31104
23418
20117
36094
36937
41949
30780
17131
861
35796
12211
21432
41868
35105
36942
26835
35399
32542
5645
3931
39700
8240
31794
17176
25813
19832
30898
37527
28829
43233
40374
29469
17298
23767
37325
30877
42323
17658
31395
30878
1086
25922
42482
24296
50207
40848
12002
20538
36084
13066
19830
17617
28928
14496
19217
3395
33919
31451
39915
21540
32667
26166
25539
47948
36272
43061
26470
747
727
30149
21777
35404
13144
41985
13925
41269
41978
40914
15535
14060
27245
34206
1691
43129
22751
22457
23124
5692
20697
23107
25462
24981
28118
26320
7429
21638
16857
23775
8417
47065
33105
49441
18337
34931
23100
1962
1076
32401
27082
34768
1305
2771
2855
447
2001
37393
43359
32414
38415
26696
12943
41538
18161
9077
19844
2343
1169
12897
34961
2459
24665
22106
3905
39518
17237
33797
22758
10091
43288
16378
15675
38862
13314
16624
9662
22816
2545
378
21882
21158
32038
34431
374
29695
37317
28280
36644
28172
39506
33857
8355
17211
363
34065
28814
34077
7233
27849
25598
140
2146
34348
32407
34441
21311
26406
9183
45449
32712
36003
33300
16586
31049
27220
33995
34660
3280
2195
27908
10715
11708
33298
15227
2760
1673
42888
3626
38719
25617
1401
1429
39068
2872
50064
34710
13650
12710
32397
23436
1210
10787
49029
37149
34803
50109
4336
2814
22788
24893
28240
21560
49235
47640
15408
41276
40495
10499
12559
38054
13737
16377
11139
21574
33107
25159
10320
32638
28807
10955
17691
3358
1158
9125
31919
31954
14942
50452
45591
3567
31406
48825
18363
34444
13416
32773
42150
13054
21159
27614
31098
14429
28063
30883
2144
43895
48432
36600
37148
21198
41397
27683
31923
28793
21956
2299
4081
34278
14788
16948
23743
31802
13520
11191
26702
28021
18495
30891
27654
848
10131
16449
46219
27196
15941
12486
19497
22862
391
36117
22194
2671
3810
26416
40272
2339
44298
23800
9994
12958
33948
17317
11844
28991
27863
44772
14819
43652
2889
11119
21177
4064
3223
36078
36403
16666
25423
21419
14805
33656
10750
10744
50095
14759
14085
40155
1411
775
16825
29443
24829
16540
14804
39692
8910
41134
31636
623
10428
29051
35660
29056
26624
20255
44562
10946
2429
37224
26138
33116
27913
21936
12083
29850
32202
1369
26270
50041
9103
49677
16516
36960
21446
29335
9772
15746
34586
14892
532
33890
1202
2252
20493
1655
41595
8676
29407
33810
39502
37504
18535
10704
45502
27965
11184
15669
32198
22195
7786
13108
9714
25797
12865
18446
38179
9651
3477
1134
23934
2301
10510
16397
13141
492
50025
11871
26433
24786
28880
23414
23440
44194
9286
602
27040
15409
1949
7866
12238
9506
28281
10341
33213
1164
43617
23258
1175
45836
35952
12042
27772
24483
28751
14102
28715
23781
20917
12629
37289
37127
22727
13202
37072
24290
24150
37488
21095
12951
41715
36505
32139
45994
14751
12081
16657
8872
42501
27565
35239
8979
15985
3311
15119
22353
13616
15327
47828
32528
19765
39011
16861
35154
24160
35912
894
37746
37288
42223
2210
1959
28191
850
31884
15400
24781
3404
15999
2560
43878
25990
27712
21927
27365
1253
45086
291
32839
25304
36398
33451
17492
47269
8993
34806
46876
1832
1809
2222
20604
29712
27637
17078
24266
16515
47262
18640
25592
36066
41064
24664
17919
15009
20377
27375
25731
13842
33721
44228
33134
18614
2497
50242
29971
31646
28269
17467
33244
14262
47822
18533
20158
50117
23860
10541
3315
36149
30988
14485
501
9174
36139
10245
16097
14534
45282
11183
33057
40964
27506
35403
27241
14216
30692
45071
38359
4087
11889
15552
18767
31287
41905
2651
11738
37553
14812
23285
516
39988
24265
10079
28757
7993
17038
15974
40762
3048
19174
13058
49648
17335
24630
23511
46199
33737
2140
26657
7651
30622
35264
11146
966
2417
22652
30554
1900
46045
2185
11914
44050
3313
12709
29275
40285
22923
12451
34635
29072
28659
39376
27567
11941
32690
28891
23412
14885
39784
46373
21835
21646
8723
23892
39588
1841
39860
17873
10045
35173
1608
22289
14348
15854
17414
8445
10853
30961
21670
30637
9087
26012
14457
24468
21279
15428
519
9858
33620
24028
41032
44852
44430
19782
2646
547
777
39579
29506
23806
899
27889
11673
36825
663
2598
44287
43216
44715
7271
13308
10547
10723
36778
27529
16973
23492
20270
38914
781
13562
35986
13551
12821
9948
20629
14477
19305
12084
18672
2666
1822
1874
2206
12402
26008
20004
1789
1514
1264
44869
14823
20097
29535
9369
12304
43966
15452
9881
43796
17796
20218
41324
3426
36379
3396
37448
10845
50088
29577
15382
2772
28342
41543
20314
9953
29879
20978
11147
20071
10152
8800
47384
12160
15127
423
21069
14593
21113
30210
21117
13261
28412
16034
49723
3144
1785
36681
33282
14982
32582
20010
35439
16537
21161
11526
19022
1774
1427
16049
41869
24226
14550
43841
48096
29893
30326
36227
4328
8441
37565
11674
12469
28825
23951
3194
38883
2388
1296
38514
6233
26103
9444
9139
41814
45498
2498
28866
19698
35200
11072
725
5528
29470
8869
27771
49250
51179
8670
46615
41251
44482
3439
2136
38546
31595
23869
856
15363
27663
44784
15723
17541
39280
38810
48878
28764
28321
30916
16577
47818
47815
47821
37232
12921
7843
36570
19750
3397
1902
11044
2551
1506
40148
35129
36236
21310
37742
44615
11328
24144
21336
28043
7400
2019
36815
19504
2664
1039
28229
40944
18132
23857
12179
3189
27403
36469
49715
14803
29331
15624
10329
39561
48295
24085
8977
31306
16853
28794
41415
44368
28279
21030
4111
1619
24842
4630
33807
21857
44616
12525
21757
30932
8132
38831
11120
459
2147
3232
9491
10376
39826
20322
28896
40057
30202
8395
1688
5293
26608
2408
2232
47701
38093
14338
24990
35444
32081
17167
32987
12077
14253
1196
609
24825
10089
29036
18662
40365
15823
39250
31827
33473
25328
31025
15895
1877
44452
33776
25368
710
3540
27981
19798
35256
22393
12300
47013
9124
1873
24882
14097
23615
34959
23218
36547
24883
12009
26602
39663
48003
28367
47372
45813
39304
47744
1058
11053
11098
26379
23530
35637
1303
21338
50231
2456
9012
17403
1772
31625
15735
44456
2099
40256
17633
32418
1121
36255
24270
11160
22736
556
28879
39778
31447
35285
8636
35859
2614
37707
40134
28731
13334
1329
5302
31176
47146
21959
21068
13474
30208
18405
20498
2304
3324
3493
1350
1189
27270
33799
35841
549
1107
3131
4930
2699
32795
10957
29568
12180
44444
44431
19230
28711
23557
14704
23379
1280
16523
11712
17344
32909
21123
2809
32195
20404
35722
40232
49797
3057
44163
33513
978
36268
982
22568
5056
27254
14423
31086
25386
16698
29047
9026
26772
17259
9075
8982
20574
48297
21331
41613
21728
1226
2390
37073
30695
22276
39602
46141
16810
20310
10719
40770
28611
13430
16864
15399
22680
23549
31018
27626
390
3959
1224
1483
39145
2519
21205
35562
1623
30555
42287
31019
32604
7914
32032
1186
24288
37615
28827
36225
2449
34520
8242
33701
13792
44164
33685
40415
18177
2630
46077
28193
979
50251
8866
49671
8324
16512
39699
24568
8958
13821
23953
15292
27909
833
1557
18266
10184
24369
29250
680
9415
49999
19169
22544
1081
14541
10679
44747
37900
2570
9416
38028
33290
31402
36170
3342
2309
3013
32433
11406
24768
27327
24766
49947
7783
32026
36211
39071
734
48712
36751
15345
10099
3892
47732
31329
11808
40358
41961
8129
46046
9633
31766
40172
26955
28030
9146
17724
9795
49735
44472
32610
44363
8223
23075
25166
3175
13253
8007
8169
35216
5172
25839
16774
2196
14832
35803
16465
18083
43655
25819
25352
31667
35223
44553
23348
19048
19215
3565
550
14901
1156
14229
19987
17054
20824
34691
15727
34969
42989
39696
15691
15998
33696
46370
49148
45795
17238
1744
17246
3325
10133
18296
35321
35332
1191
8152
30468
3335
7961
3157
17948
32185
35535
14546
477
28828
38535
35132
39075
38361
13465
16582
48807
14235
22681
1103
36462
37656
41098
21424
10483
11022
35793
50055
26915
35626
19752
44573
26233
13193
23005
34370
23768
18451
26508
28190
1016
27278
1399
29666
30380
27531
20648
35102
22599
32809
45554
33889
24400
34983
33740
27129
35494
33722
37633
39880
38967
2418
43229
2351
2899
13359
2841
36375
17012
30557
19059
16748
1853
20858
37301
33755
39322
16778
17292
44543
25340
36321
45427
12129
28231
29430
1757
19140
36516
21059
20572
30129
15389
26585
20864
24808
20381
18931
12193
14239
20115
24963
23824
29855
11678
10400
11639
37438
44343
4063
3818
33792
33864
36849
41268
5988
50862
16559
27569
24187
8153
26080
17219
33981
10607
44093
24650
11354
17265
9603
29060
7582
16452
18168
39031
7771
19444
12373
21148
46833
23085
23141
26257
578
22648
24221
29901
28363
41263
15329
22245
33565
32508
703
44273
8222
1783
29426
12662
23304
17121
50150
17206
31746
11972
14054
38363
12934
9613
7452
26141
3434
27090
41490
33169
32916
9717
14950
49687
45778
22925
916
721
24224
2769
29302
10521
45555
14634
909
33881
2467
2209
24869
13132
24877
11652
33811
18837
21543
18470
27862
32678
14093
13938
17351
37316
31227
35709
17732
1194
2590
46310
1775
3154
21635
950
31736
29789
7960
19218
37341
945
11990
16037
49744
37768
18351
37297
27048
5365
3956
23976
45182
45181
12910
2098
14447
14659
29153
19474
16579
15912
7495
44455
30577
2965
25718
33595
29805
9264
19143
34664
24055
3507
14170
24120
3851
42449
49342
41025
22233
23659
34752
48395
36637
11033
50115
30621
12309
15034
8402
35891
21732
39821
42051
42668
32055
8160
44893
38698
27433
16443
18372
13808
24881
17574
24312
41672
30485
10500
50164
18065
34021
17110
46528
19484
3728
18481
7876
41975
31444
31023
19963
33706
17628
19805
21182
1431
29943
15249
35091
24907
23997
1943
49320
43772
42473
26788
29467
3365
29545
31683
24420
14178
9069
23877
49111
8844
44566
43979
3021
18889
9860
47555
39049
17706
25857
17169
45162
16134
40348
1366
38741
2174
31764
20513
17957
31016
24959
34156
50626
25738
41872
25475
2912
29558
30267
15261
23592
2520
32373
12579
29868
35525
27666
26286
28712
592
19629
3009
25165
2412
2548
26083
33570
1204
33031
28533
9218
3402
46029
48638
32697
24471
48001
27817
24464
24034
1473
15033
41199
17044
15426
34830
8415
30551
35994
12882
18862
25786
16021
19102
24994
16366
12961
16815
9467
20084
44598
42476
20359
41445
39243
25562
24145
11837
4273
35756
38432
35838
44932
7498
1111
19842
17209
5060
34499
33714
17037
31417
46606
36096
12371
41164
2247
40938
25337
33367
12006
15598
26383
39044
27882
22894
2877
27277
29862
26110
32294
27969
31819
8909
8403
2400
2807
39993
36614
42859
43406
23783
28272
31888
38112
34523
345
14888
19046
9374
18543
30449
26230
3337
4123
11765
37269
27914
27102
3128
1271
40710
27497
1693
22705
20716
41981
42999
39488
3520
27207
15682
17896
25255
43624
38154
49053
2865
31586
29771
21642
28073
42142
12419
41395
36652
19452
33247
16090
33876
23517
16585
15339
6330
8231
15939
15415
50052
23527
25774
13266
11723
31810
24960
44758
35932
31083
40756
27487
31115
16435
19896
44358
15301
20762
21422
21420
10136
3891
2602
48718
10558
15831
48373
36114
49314
9496
24076
493
20949
33295
30362
6367
45851
16730
44676
24876
32635
47953
49973
32826
5226
39447
33725
9566
3551
32623
26700
18583
16057
9209
31893
9464
21189
27773
16301
35703
24970
16500
23704
36097
10265
14377
12415
29958
16826
33719
37725
7607
11417
48245
29875
1644
21740
29204
9151
7430
1896
8376
20738
4554
1818
8260
49717
2251
36310
39051
35324
8071
26538
34528
38601
25351
35136
36959
14828
43039
36065
33960
26298
28328
19026
24880
8947
17524
29357
563
12197
45724
22001
34427
7952
5729
33316
20751
738
4259
7294
2430
24889
3361
1924
23722
21145
1234
2931
20918
27921
29753
1887
36229
36615
23515
2536
15656
3213
2485
36658
533
1141
16733
2696
17283
25285
15176
36103
35520
10995
32465
14346
47282
1465
3847
3141
3264
968
16088
33262
25306
28555
27266
34972
5491
34933
35436
28949
43110
1609
976
47638
18088
26316
37472
1679
7707
474
20127
29367
34376
33152
10742
33502
18707
33841
14365
17191
12030
46118
10307
44091
23534
21082
1650
25787
19375
36352
44197
971
2929
34443
2279
41880
23888
18569
8798
44341
28022
17293
17387
19431
38353
17273
28841
29569
19040
37874
4333
3090
34019
2272
50850
23480
50023
1758
761
29189
2031
3105
24982
8419
3219
43388
12057
46109
29489
20985
45027
46504
21206
22990
45417
21684
16404
36826
4048
25433
647
1976
26461
814
35775
4249
4008
3120
1319
2353
1746
20348
11374
33953
1434
6337
3218
13615
23540
13415
29655
18957
3111
36946
12497
3333
7591
10328
19977
737
1144
41297
1355
37084
38626
24377
49092
37723
9729
12864
37620
17579
32670
13857
39009
19485
32976
4139
5742
18475
32590
22741
3303
4308
11378
33956
30277
47960
44805
32120
32870
46832
9066
3285
20483
29838
20915
27199
3420
31531
42289
1291
19090
47642
42483
32791
3347
46235
43619
25348
24740
37775
2952
29669
27715
18597
37368
25953
282
47557
1478
44741
44586
9169
28394
24446
42486
44415
20432
15244
37500
3470
1866
41226
20460
17366
12646
28524
13716
1867
22934
28242
45106
12711
18895
27937
22116
14394
8385
21215
5609
20508
17704
12080
34032
22841
46610
29519
44517
26271
2916
11705
43060
31754
27123
34867
33281
25999
18517
8161
2923
20282
30408
40713
42678
18551
28580
10805
18880
16109
24816
1480
2305
19601
24000
42306
45952
24993
27503
30853
36039
30588
35386
30600
26580
19324
30203
48399
1584
34171
7384
35770
30240
15359
22692
17179
1876
50142
26792
24419
25247
22679
24717
14158
13560
44809
28566
8431
21811
43777
24622
14112
2303
33434
19304
36677
805
26880
31005
3774
34699
5476
43045
41663
34434
42402
13580
20145
1500
40508
33921
1370
36777
44167
33064
34740
22725
26212
11124
37974
35590
33317
28098
11050
1146
11682
7583
40032
21315
46974
31307
33077
13852
335
15826
21660
33060
9191
1254
32170
47967
44718
40983
8392
24976
1392
46090
36977
823
48858
3326
3425
2554
910
19598
13782
7943
23229
27769
1288
35148
15536
9447
10684
24866
28062
24378
14852
32594
24340
30353
33880
8061
32444
40381
25859
45535
29024
1337
20181
31658
873
17109
11826
34338
34332
23316
4229
3821
10804
16588
42635
33265
35340
42764
29221
4327
9289
19168
17564
22886
1083
3206
29974
45705
42246
31381
17754
7864
49510
35671
3890
865
27564
2495
39298
31204
49878
12408
7460
33895
29510
9734
10548
34379
880
17422
26537
39599
42319
20050
34759
18891
13173
27963
43430
8500
33695
29203
8384
29627
32219
16609
49506
30978
25597
30018
14813
10006
13921
2937
45600
28020
19306
37481
35825
2023
16639
48662
22986
20073
25676
32749
48757
10650
23169
17294
49351
32272
32945
18387
30766
41029
14470
34354
19123
14861
19433
12352
8001
22995
22403
43794
27471
33389
36249
40027
23183
11737
13818
33388
30807
45529
32456
41586
38924
46362
23190
22518
19631
32892
30058
34747
21213
33934
25493
32485
34706
34920
8865
9568
47320
28437
7683
26766
951
33015
13543
12962
16941
10366
1248
34762
14079
1314
15073
36613
12297
36568
3675
23496
26986
37187
43935
27480
23125
16421
40129
27052
2354
15022
48522
27951
12311
8747
4350
32873
13600
37733
32525
23278
10990
25902
1073
23868
39680
13628
8845
33738
7530
18518
3976
18049
28137
38187
25771
14647
1272
893
36542
2689
32340
41313
39333
2803
2774
4122
24837
40905
8649
38688
19501
40725
634
24807
44336
35843
26693
24303
27562
11528
17224
740
40502
22865
37792
13256
22867
15539
44560
34208
2438
2626
2780
2607
1503
24030
5237
16716
50277
485
29008
20208
34832
34995
40878
2838
1642
8495
8059
42603
20056
4059
2856
33183
38505
17503
39078
14887
2008
22211
44889
35581
19614
12272
31276
2652
48627
17844
12368
42880
50094
50217
12413
23570
18675
41576
29236
35390
10480
24453
15512
28448
35411
19737
40359
27016
1010
35042
17126
24075
30145
3094
35209
38838
33158
41302
9986
14497
26768
22851
10196
13043
46451
20882
1683
2413
33176
19435
39634
45799
36692
1937
33359
39090
1405
43638
1852
1030
10387
9258
1451
31473
18615
28921
18334
15886
30224
3459
5473
12176
25387
46265
41893
17878
28159
12642
33963
31999
19465
7776
27448
44798
44071
17469
10019
36044
37110
49753
19957
471
10599
23737
26958
7667
35336
25735
22946
24260
24908
41082
8163
11530
42775
2403
10107
46982
35130
37737
23295
26785
30859
2724
31672
44310
22649
11704
9449
15953
49604
24624
1535
3304
50167
33588
31480
37988
15175
20118
36471
4011
2193
3727
36491
22035
27795
8092
37296
33523
41274
22836
44730
49589
15222
36243
19719
11624
2804
4099
43203
3346
14841
26639
197
37055
1883
9308
34769
31416
23678
34976
40941
16845
23741
39146
36572
35405
8154
4262
18325
20065
30079
24313
1762
15444
49778
34796
10718
17653
18385
2293
26589
35515
50205
21608
4188
40303
27964
26963
12692
33113
21212
36157
11853
1806
44249
9114
36263
8693
32900
30038
10639
26167
17430
29045
41841
14624
7703
17575
22404
17506
18854
3072
18858
25890
7391
12263
31220
28810
29247
18164
28926
8862
32853
8841
40997
3355
45351
28800
29332
12322
47652
24344
2006
18166
506
46375
22139
25724
31973
24810
16018
10171
13902
8669
29151
22248
46693
33990
12456
10374
43490
14582
16209
21083
34180
30567
47774
27514
618
29547
26307
14292
17345
45514
45595
47864
30137
10220
26254
31521
931
27036
20557
13893
45802
7816
3227
30763
9205
11715
45825
37350
25416
18224
3967
2419
27269
28146
29975
38494
47412
34063
43641
13535
24868
31597
1001
43963
3334
43168
11672
767
3950
3248
17139
44652
24678
44418
33883
962
26241
23274
2320
2513
36750
42371
34782
20562
17488
46048
37263
36700
30197
1232
34548
9421
19017
22575
682
19033
21814
23675
13778
33568
36195
38135
22430
24725
36247
2672
24973
46519
36183
32377
37586
16671
9801
36182
34831
36366
41518
31725
22159
44001
33143
30963
19864
19861
25588
34614
31835
45602
13817
12384
19883
32335
32959
14760
44508
8218
12614
21942
47504
23068
837
404
47169
41999
12741
2190
1468
12687
7026
10642
48537
377
19144
34702
35583
39783
44288
3006
39352
22011
45913
31312
32728
23667
3207
30266
2517
40637
30586
36921
44627
21606
15318
26939
13599
44940
35663
18112
13805
44943
47383
34158
30559
43280
8459
21156
26663
31713
15003
18762
15833
25830
28224
14176
20504
16574
22467
18523
35479
7441
20045
24647
31137
42618
31111
22844
9648
45508
23473
4287
35074
31077
8194
37884
18628
14530
8050
1032
17505
7529
4269
33970
8258
38396
25407
18261
23485
17203
2608
29954
9081
22593
25070
18418
8204
8690
22905
32978
31084
15931
35265
14044
24354
1390
17289
20066
15631
16564
29629
48796
2229
13097
29149
14208
10051
2364
7757
9071
16538
16251
9665
7869
35943
23135
15994
17648
45623
42520
8254
1740
24821
7424
20960
19794
2704
25752
35598
45264
21408
8261
34110
7681
2810
24251
28080
20747
39585
35243
36856
1610
3054
8945
15324
7630
30253
10801
15728
14206
43021
2677
14706
15798
2469
46212
30075
36381
1870
15948
32458
2950
34043
36092
16746
32880
3289
14518
9036
36972
25981
32430
22203
1918
15642
1245
33922
15517
11437
23785
44693
38820
23964
17504
35676
23006
37474
16317
13244
40681
32727
44914
32901
29990
31777
31832
46552
38788
32140
10785
40951
11992
30444
21249
18381
12270
23856
23729
9208
1250
2370
16436
38802
20293
20666
29139
20665
8644
18896
22734
21663
43766
16981
353
15859
24149
2610
19302
35785
19307
37114
14633
3449
30952
16212
28132
12332
12959
29946
29262
8818
17650
23696
18801
14424
37041
21975
20553
20138
18450
10992
4056
34690
44565
22853
43136
36297
1582
32537
12563
31004
3240
34537
19354
2682
5688
16029
44390
21820
10799
8466
44132
18613
22585
50754
20280
32886
27748
35953
26160
25219
27875
38460
15543
34851
28662
9777
2286
37578
35408
49340
15032
12028
4197
19793
31281
43771
7958
34169
33720
31523
38836
9731
26572
8216
33888
19011
50896
697
16854
32416
17993
2094
35224
37087
23621
23126
29427
1928
3824
3592
14761
41983
29565
16705
16324
19811
19139
48644
33866
19880
35308
41874
37522
7797
2235
40990
40995
12802
28883
46258
27276
41078
35185
39827
8460
8453
3269
1686
1995
25338
38419
1661
10796
24566
14860
15574
1952
7050
6707
2848
39829
5138
13709
37329
16661
39577
36406
25845
21503
10486
49711
835
41743
3546
29281
17766
7984
34504
416
18835
3640
34713
25642
14897
33154
12643
33242
25870
18346
37204
23680
1833
1533
48788
17950
13952
19650
34678
14495
20531
31428
40759
42438
17215
20658
33580
24021
27770
3349
23588
32076
34397
38818
8847
8250
26175
12655
36119
1064
908
13156
20775
28001
2036
47347
37993
35236
13524
38851
27765
22733
29668
24038
11362
44514
43184
47379
36702
34316
36672
32696
8026
3339
16101
23725
1292
38992
30690
18668
8810
43835
49505
15668
38194
24172
44307
27108
25601
26699
41808
30415
36537
44024
21217
28460
43784
32566
2167
22410
11181
13018
9058
14217
23380
12791
10035
25907
14747
20989
20154
3725
468
38927
39501
23713
42237
28273
34301
36553
43789
8825
28334
18430
15940
19859
38487
25757
25632
24776
33549
38625
41024
40007
39751
20496
37706
47749
38830
21003
28074
36781
31924
18069
17652
34692
3344
38357
1914
351
15616
39572
31408
45245
10181
34283
24730
22461
7161
24711
1241
13219
1961
8112
35425
34886
41210
13147
10923
26778
42079
31849
19886
46980
9203
2254
12909
22747
31404
40818
46856
29649
12153
39500
16630
21916
36175
36380
9778
30230
3805
22854
43659
36741
10028
27648
26726
32973
11654
30943
1674
28144
20134
41628
14919
16461
27929
33787
44899
22909
14295
17093
8084
42328
44856
39902
32420
24708
17327
17816
42982
7892
1092
1654
43119
36250
40125
20509
17918
15044
18728
44362
50155
24703
22740
29033
12986
31612
834
38573
33632
22975
3089
30687
9658
18581
39753
23220
1101
8131
34369
41155
14617
39301
25815
32763
24537
4455
34351
39785
26090
32366
4625
24541
41637
28996
43348
34760
43407
20505
44526
16438
36181
12201
42420
36180
41410
33222
34149
36693
574
2382
20331
16924
41081
50216
49515
36558
50179
45767
48243
7718
24912
31418
3108
46575
10777
20267
18806
40558
35555
27881
2720
20449
33032
12109
9535
27287
44492
14246
41728
41702
21139
431
14055
33574
13738
13785
45077
47803
527
1247
2096
8785
30760
28189
13980
14434
35939
41718
31693
20328
16159
29480
17601
20141
38742
1908
35453
20787
32794
31059
8435
14810
2120
32547
7575
40935
7639
31561
44791
44306
29292
31177
41662
26759
29654
44561
24298
14734
9167
36573
31642
32559
37955
39024
39429
23178
38928
13104
44803
11432
44147
35821
20308
12493
21833
21403
29001
36267
21191
44785
43241
9173
33618
14847
50237
24608
17991
18682
36697
41205
27609
49085
17983
17089
50213
12172
2785
23209
20689
43665
16779
29853
9361
25487
45112
28333
34807
7693
23235
19344
14939
512
12734
30198
12615
37970
11976
39686
21209
47264
21009
24815
20392
20137
12400
1864
29111
32053
37834
2017
48065
44152
50860
9625
22300
10482
489
1310
879
28311
42902
26017
15849
34544
29557
24750
39086
17315
7805
45260
14162
18781
21160
11381
40299
7611
34231
18971
28860
9820
20333
48032
32223
22187
37210
32108
48021
47032
48025
27342
20809
19249
43435
30148
32821
1681
32006
10611
2762
32677
29906
31223
2662
33531
34481
2805
45935
28500
35357
25903
33836
28682
38033
41744
3267
15188
25167
47698
31609
23146
33879
28496
20873
26016
14660
1475
38500
26116
47559
15046
9249
20662
21402
2767
49689
45895
14374
18932
13991
31576
22776
18397
20552
10466
35142
26255
23269
41618
44026
1825
40747
7566
36138
44782
3413
12060
9115
13085
49338
14972
8170
22275
1862
1409
746
16459
31251
46365
17249
13246
45445
9846
39197
15527
39217
34184
22252
2826
3323
396
31072
34104
14666
25794
27390
29462
40397
8701
22443
34619
20698
44432
27408
11108
45444
4437
17452
1476
37971
2525
29844
15385
33974
37062
15341
11531
18919
28350
13756
7242
17229
9624
9803
13626
38146
32254
26898
17357
26764
18652
631
30576
36744
44466
2966
20250
22367
28214
21412
34639
32164
7833
43889
22495
16956
48360
21637
22660
44542
1629
3884
23490
7571
38509
32467
41331
14964
16584
23876
14940
784
173
47090
17466
49993
38211
40775
11185
44595
39494
27971
25908
18454
42404
39315
42350
13803
14284
29494
38787
19942
8964
42038
14347
35601
45172
14786
28726
29043
24671
25596
18563
47323
47729
24273
26679
24788
26705
23799
13393
478
15531
2555
8484
21044
544
40167
19642
35057
36551
12866
43906
20430
26354
27590
27638
2236
12521
21950
20431
24141
400
1581
2307
26916
40164
462
27089
37477
3530
2192
692
35735
47998
28732
42068
38632
2258
19825
20008
31955
16876
14049
27212
20786
35184
23544
807
15145
37997
32581
32007
14480
3336
27067
35353
30552
33494
804
16720
3655
3740
14472
9102
8150
30563
25027
25740
995
1472
8257
44076
2564
2253
32532
43278
43354
42462
35811
3224
39099
32253
45279
20793
36447
47130
32089
25177
3369
49806
9234
10088
40559
9134
17743
21294
31458
32390
32422
1388
3827
24289
50128
2406
22433
20564
18718
8253
22646
46586
28420
639
33286
12405
20072
19241
13882
13908
36050
782
1723
9626
28585
28251
41830
44451
40141
14481
4007
24429
46058
29788
1108
34345
1179
14455
37292
42307
16979
26910
15979
2636
33858
12501
50160
504
25793
33323
46100
35441
33330
10652
42290
33320
36455
28444
23836
21234
7674
34426
4058
44169
44416
28538
46894
24715
32902
38786
34125
22368
22199
19308
41771
16914
44379
39334
28032
14914
49670
14186
20456
48204
14065
12256
43984
24744
17175
11071
2463
16331
1148
29175
43742
24747
16542
29777
11444
9181
17173
24691
9450
45079
50245
8282
37207
36069
2175
39982
28696
10493
24862
39595
2145
21578
32606
23752
13828
22484
1230
12314
24333
24376
10689
17590
10629
31300
34935
49659
33924
11389
20739
30124
843
12558
48797
32652
11660
18977
42852
50239
21130
38458
2540
28632
16252
41399
14042
19213
26781
21736
25781
19362
33347
1428
30879
44254
8069
12922
21828
15388
37936
22611
22687
40168
12727
28584
43523
10630
542
35431
21658
37506
21685
28498
7986
28028
23791
46338
48473
10018
2414
19944
18099
1915
38998
44056
45446
3995
18036
31813
42629
12259
37934
10534
42499
30830
32735
36179
32427
47393
23211
34479
37181
28834
45507
15485
17104
17127
1464
42284
28931
8100
41815
24794
22517
8988
6785
42681
10303
12753
43983
8068
41306
39306
10653
32424
44600
19626
40664
9040
29344
3290
43401
22772
41184
21623
17717
21576
39685
8754
14607
30175
40231
13909
24951
1320
19688
27491
1564
1183
44617
43246
14708
39789
38139
26645
2797
1238
17107
20937
12656
21586
38071
8334
24509
38882
40584
27024
25189
36616
3166
46836
45111
21122
28986
14163
17424
21941
44356
32770
15449
20897
3430
1256
25376
8986
28156
44672
35752
19900
44457
23788
3221
10335
19845
38508
19843
19907
10670
40251
13106
900
43408
33394
20147
28292
17734
1180
38138
33393
17927
43405
16405
33285
36025
13096
26596
26683
19209
44162
19610
37237
41436
306
43356
13130
44670
22117
49251
11398
44669
11350
4055
6194
39610
42750
9990
2302
39611
19743
17826
9404
7444
34373
12265
33586
5797
23081
40890
31743
13248
32815
29621
10669
33273
677
31153
42253
13880
3813
5820
11121
25075
11512
726
434
33829
18827
21767
7809
8884
37261
21817
48974
40213
14067
29833
35605
1816
22319
11026
17561
23150
20894
1082
18606
932
33659
33697
21485
41238
14153
34738
30663
8827
2851
26807
26456
38921
25188
39810
14486
9317
930
3296
33762
13285
23387
20130
48198
1389
24797
50434
12863
34062
15248
18133
1142
29623
44400
37146
35656
5259
9271
34922
8263
46344
28235
9824
43504
36821
34285
15734
25410
15182
24929
30061
14991
17627
36083
9675
8473
32527
18373
47838
2775
912
1770
37312
20902
2076
40419
32112
23263
18990
25497
38617
31006
593
2010
13556
44342
10135
49179
511
12394
47039
18196
3793
37845
14802
15445
9874
32431
18709
37321
13277
27014
23798
33679
14539
1275
40898
26894
22539
16381
5538
15622
26860
44811
39727
21946
34665
29599
32823
40074
10709
34749
45311
13284
1315
17460
44181
9726
40068
13940
4054
33125
37217
14623
37461
2534
177
34847
5220
28239
32277
8995
25155
50111
25626
24533
20393
26207
3446
35922
13907
45246
14955
37750
27454
41959
40035
33264
38887
44438
18014
40761
3437
19773
40530
2871
31935
39449
31412
17459
18759
9190
44463
37092
49880
9329
537
33180
9470
14791
601
25401
43185
46790
40352
47840
22256
21114
3163
4276
955
3203
14175
32834
36831
35145
44707
13726
12268
45830
47030
21332
10270
21210
39643
20259
36213
16013
44964
9254
19376
32233
401
5801
46772
34939
35304
32640
7145
31664
3492
34741
13826
33567
27977
17750
35296
988
1438
36151
2589
41508
2532
8870
35560
34643
19761
348
575
31226
20651
27530
29523
14505
32825
40482
7950
26125
21829
3104
30452
30696
47052
8638
15951
25883
32115
33760
31129
18593
8826
20904
484
46892
38895
15923
36002
29291
43071
25293
15613
45019
20676
36664
32592
10943
35606
41067
22147
43662
9229
38459
33607
7489
26970
37866
19415
14139
38600
31824
27272
43596
36695
15387
8422
39820
3419
39519
9347
31907
31984
19520
22978
1097
31520
13133
25084
17725
1014
13949
18270
13935
43751
22716
37177
48803
26665
11964
46042
39157
11608
14968
13216
18141
21969
23663
13646
35966
21669
2954
38370
23983
12199
26043
30950
13490
1546
10598
13637
45374
37841
24206
47004
15106
959
22104
13375
18227
49499
9721
16820
42386
18761
8450
40292
34707
12999
17028
19438
1009
2932
34380
45096
14825
2393
1171
17949
7778
8046
869
42642
2402
37883
21920
43613
42516
32036
25086
30167
9285
40650
13968
9930
20664
2678
21892
4268
19009
31711
30565
25274
8063
43261
4291
36224
22704
15964
48852
33038
18935
11928
11403
358
3123
1021
21583
967
2631
21666
31414
38590
22269
11461
43989
47921
19906
21977
730
41633
31367
2173
11182
22229
9175
3332
44897
22948
23443
25425
7541
39050
30935
32877
27228
11664
21425
38061
25364
35088
44777
23742
44788
50230
9586
33614
9489
12740
27083
16280
33906
19660
28312
24122
21385
39523
15657
26126
31002
34238
11407
8699
23689
1932
28378
42495
29145
1326
37762
16374
251
2732
9945
27907
7531
10786
33459
1243
938
12455
10037
44812
11392
29076
1545
10495
36370
7912
9735
32337
27827
38034
29135
24870
10347
1084
13769
4261
45211
875
34788
37136
16658
13129
47610
33491
17123
25669
45843
50867
35015
46001
37459
12783
31936
1123
31727
2665
33251
12336
38558
19950
20288
32125
40282
11387
13582
30931
15047
17214
48601
49599
45058
20748
20644
36237
39207
33972
27015
19392
27053
13735
13583
8712
30839
11707
2512
3176
26692
39573
14775
3618
46569
17049
18365
34545
37094
43629
48010
33578
35538
25949
2468
20932
4070
21832
18547
27094
25784
47023
42295
40492
23361
12937
38697
16078
41129
35418
7723
29438
27246
10401
32937
13858
641
37199
1344
13099
40386
33530
43449
44611
35524
29457
19416
22983
1537
40581
50195
24542
30418
23984
44074
8087
46834
11167
13463
34919
25846
17236
36439
39156
14359
29693
37952
38391
49832
34587
19396
37138
1044
28529
7597
41176
32339
23691
12058
7934
37885
3435
17410
31853
20579
36409
24490
39762
36162
25310
3691
32995
9716
9100
16020
27520
786
18534
10582
7212
33297
31906
15200
35261
25835
2557
18136
37424
23388
27535
46227
13163
3887
28502
24975
20742
9889
28180
36332
18607
44033
42709
39248
14583
42214
7688
22224
27451
40364
1112
4352
5509
12453
29402
14566
21017
18465
33977
39052
42903
21028
14323
37098
47813
46196
23616
25521
28626
8816
5263
1443
1498
19079
24864
8501
25101
3480
16400
37116
1131
8003
9798
16492
31471
44272
10983
13062
20185
18519
49731
20059
10049
50081
44649
37629
37303
26013
13529
16700
35131
11366
13720
31876
21367
33946
42936
16098
4191
30850
48250
18357
3168
26734
35437
20236
13767
46440
8228
33840
16601
28348
23988
15201
46878
30939
18474
14936
25875
47839
3389
2600
7891
16985
29600
27347
21388
19747
27833
2949
8719
15143
26815
18783
8801
37492
24879
30030
44802
29524
18230
43304
24498
39127
47309
26770
35234
16649
48963
4037
20832
2980
23522
19518
905
2318
83
22437
15516
50162
37066
29170
13068
42606
14340
30714
14236
29929
36074
44266
10084
31459
37333
15526
38301
28613
16999
20146
42403
12196
23825
27472
36395
4220
35521
14937
31818
36627
40341
21934
22564
50285
12086
15113
2277
30228
17940
32201
26226
27541
12290
31573
13288
24379
41977
919
20360
660
41972
21742
37940
10731
2909
24225
11790
31588
28876
10775
42701
34187
32311
35855
25136
42651
20571
8973
29590
35600
25197
15282
47140
3292
31763
3097
48246
10624
15281
25251
32906
19692
40948
25624
31457
392
1396
29183
18803
34140
4185
35089
48731
35965
34787
42868
27624
34726
19407
11890
38038
8067
24459
31981
21528
12770
41427
31926
21914
25468
41239
29313
31953
45340
22769
44723
50026
26425
4216
18802
46139
42016
51172
27330
2113
28133
12813
16343
2792
38453
42336
16499
11322
40454
19838
26782
21063
11659
17502
20245
3509
3694
17821
20721
20743
18673
28344
10830
38186
11637
39183
28965
2959
11893
13973
31130
872
31594
40950
2633
753
38582
9250
28621
13426
9559
15607
28418
12454
35017
32122
7207
20673
3479
26541
9472
877
17258
22874
36746
26919
44756
4462
24048
16510
37326
37171
39461
1624
19511
30762
17728
21681
21961
16721
1939
585
45625
34592
29499
33818
10073
24553
45873
14046
33000
18262
44453
21727
11535
3712
19173
32709
32530
28374
32124
36514
17326
9135
9414
31207
11148
47204
24175
43182
3444
21304
23655
19823
11693
28532
12857
10217
43982
28619
44036
10502
35532
34685
21692
29052
32632
9995
4174
25682
8728
25952
34497
28155
2885
23913
19510
27821
11687
10932
44494
11696
2930
20530
11945
44903
13919
45176
12125
44359
1796
745
10540
10981
9251
20967
2245
6819
33149
23559
16591
36106
34852
40408
17668
16605
8021
23061
22759
31800
39739
50090
32413
22356
46913
13927
37402
43620
44028
9340
42429
339
39187
387
44754
1834
3258
29647
32152
14603
3842
41684
18440
7425
18504
42559
47952
21915
42337
30593
20650
19647
27436
35266
49161
35331
38809
50661
40392
33544
18807
2249
32641
38190
21393
17462
26120
26840
10065
42054
28643
31465
29803
29679
31179
44849
34068
7692
22491
44032
43358
21952
3498
16006
43389
39738
36407
13114
517
23841
3808
29707
28408
33566
34971
42066
19912
24095
16450
45557
30656
7309
827
35963
40342
16763
40741
26913
12560
3357
1216
12915
11690
35395
39010
17464
19384
28668
18457
50177
36300
47874
997
20188
38096
25957
25587
46546
34259
26694
44808
30264
26798
15441
2355
20047
24623
34576
28277
49701
23493
33705
35801
34074
8776
11401
8347
33859
7101
10727
17571
41265
14768
39303
47345
3634
30426
17626
33803
24511
35278
19734
20417
19259
11650
40719
40711
24315
18558
20052
37334
546
32580
33260
33898
17748
10346
36976
20116
7740
26837
2014
45938
7705
41766
30474
19332
7533
16025
30153
42910
21269
29201
15016
45941
8353
44587
34854
20247
33902
14422
35846
32196
35545
9932
24214
23355
14589
34173
26591
14917
31342
36142
19382
43347
18409
22140
10276
27528
8470
33877
35306
10332
16784
45801
34680
2493
18116
11128
9224
8433
29248
17306
40816
48738
49714
2362
34918
24189
49109
16699
47702
17168
36191
13451
30317
44160
24936
14637
47627
46937
10476
36546
30163
25727
14725
44640
29983
11864
30831
9540
322
2794
13137
19839
34466
3306
28941
4127
31396
49734
2315
26733
26975
29631
42797
28519
2074
9384
37497
46198
43861
18165
44885
43768
46269
46991
20469
18882
16160
13123
42225
24832
21639
16349
818
39326
15990
186
30946
34395
43212
37543
33230
21481
27720
3321
8212
23474
21963
33649
36480
42125
15595
43752
17343
23477
16479
17621
29285
25938
36656
9375
49684
50079
16338
10185
23354
35477
32206
43344
26139
4270
40229
17113
38519
17005
11428
44159
18468
14933
49704
14121
44709
42560
26691
48072
41419
44995
36639
23721
8117
27070
36109
4141
44935
2757
39687
12132
34926
9733
13125
16163
34930
33949
26960
36371
41976
28917
23214
45235
38946
40949
44658
20241
13739
21747
24885
19192
28722
22438
17559
25088
44503
41488
10688
34094
15289
42815
21564
15297
29198
27788
31024
33834
18400
34093
43645
40429
10543
7609
18754
47495
7274
26095
35985
28738
31980
27477
4305
24606
1657
293
46144
13028
36324
36795
17159
16247
3005
41214
44235
29215
19207
31949
27376
40644
37528
45585
49360
27236
31038
494
31047
5318
18253
34299
44783
17166
34309
16802
32607
4553
36289
34304
27197
26130
30704
27202
19228
40063
28934
2641
19132
19918
39658
30227
9143
25666
25130
32079
11006
32468
45939
10169
50174
24497
22677
16849
26453
907
42776
852
629
34381
25869
27401
24134
10806
27211
13372
2580
19956
25609
43306
28836
43978
846
4043
37390
48092
21494
42633
28457
15568
35615
34035
9166
25174
13814
17444
1763
13338
34131
311
4965
4267
2988
42581
7926
10098
28530
576
9732
2437
2880
16613
1437
10082
23780
36458
15014
18656
20053
9736
20199
32868
30804
32944
2380
22365
23046
27475
37508
9432
40355
48733
26523
42502
44491
33321
25899
9228
15309
3149
2405
29576
13326
18681
654
13191
17324
587
42671
32210
4451
38015
603
9339
29981
1978
30447
2282
24633
38613
30179
1067
25269
42914
43758
27659
17870
701
38136
43988
3155
4306
4300
14001
18147
778
39876
25931
26408
36088
31310
15938
9284
17875
36365
11850
8815
12919
19862
50779
30417
66
3968
20850
44541
34652
30437
3423
33896
25637
36470
43631
1726
8753
20863
871
3531
2069
27784
27810
1625
35955
14606
33099
35918
35769
39887
40785
3407
10044
1704
4257
15567
12854
3294
1981
19735
35731
7842
15606
24871
21102
3270
24209
4149
33178
2256
42954
2791
36624
28308
2300
32028
4917
35218
32154
13286
17059
1689
44481
50288
31255
43113
21672
35761
19575
33427
36905
35359
44102
36079
10330
13622
30434
343
36285
25272
12076
49920
47035
41225
8022
44047
43062
31484
25283
30295
24350
17741
9894
48830
9911
19176
3831
2078
46598
10571
27606
16740
43296
44017
31437
20070
2104
2100
29395
411
1038
996
3400
45819
36739
20142
40826
33547
30246
50114
33170
2440
60
33609
815
11042
47540
43097
440
7767
678
1346
24050
10501
15139
50199
23963
40866
37594
50300
3394
15432
18572
17893
35448
10324
26542
4080
9109
12476
28625
10279
23660
9465
15627
15601
13236
11633
26670
30664
1415
15211
28355
41649
43992
15320
45317
15455
17955
9973
38127
21678
45241
47020
7645
46169
18775
15743
25163
50999
35312
26214
35783
26822
2276
3329
7716
27794
25058
10634
29681
18135
33228
2050
5932
38100
2784
3180
34549
10605
2624
28950
45069
26754
1382
21800
24365
19674
28799
2926
29305
29169
47655
44224
586
27597
50284
3282
3647
11384
34820
37419
15660
2490
702
32557
29319
24962
45787
23066
4227
27121
25472
2287
34980
18550
33764
33997
23852
51178
9436
15239
943
50078
37705
27568
10601
8677
1692
23453
33028
1823
11111
1301
24918
11104
2832
40610
21242
8008
21619
26317
38762
24840
21246
33378
9896
49935
15520
9192
29934
12353
10296
9867
15043
31993
47503
21856
22932
3800
49060
43975
18333
9498
41968
36981
44521
8119
3741
31397
25156
44077
12669
26321
12666
46155
3581
17433
38048
28304
43007
25605
4238
22207
1865
35872
27890
17962
1106
17863
769
43164
38344
28816
28681
34661
51080
8981
23113
12103
12506
2869
28599
43590
10842
26015
9309
15443
7193
38834
39752
20238
3451
19432
25776
23537
25403
2246
20309
42005
48734
33474
8680
36933
31608
9052
20590
1576
9947
15801
9017
3217
25147
15561
5408
13444
42667
361
29858
13786
14137
21312
31097
29485
24272
24659
29446
33450
24919
9433
11854
22766
8103
19037
49802
29698
1814
890
1620
4271
789
33490
17880
19744
12939
33296
30271
3485
2744
31793
12488
39633
40140
16892
26308
3053
48667
19554
44376
22579
15978
28501
27262
31455
8663
32449
14553
4140
23500
29261
29213
7523
7772
12535
14385
580
18362
4281
1709
33546
33499
25746
18852
23924
37910
31496
28042
17709
15398
11038
44172
20810
1165
15185
1127
24249
17090
35993
18263
20936
1404
29403
39560
41135
17124
40718
9876
29220
2653
7722
15217
3195
28045
427
25294
25095
35587
14092
50143
30273
24295
33837
8256
33466
22016
29414
15578
24279
25934
16051
3738
44694
36763
31268
30641
25003
49727
14210
626
34045
14407
20556
48279
16172
43612
12660
20941
2451
9580
1917
40863
3074
45603
27899
2747
26595
36215
29337
48429
36095
19463
20943
9219
27021
611
27135
15362
22911
21021
29503
37861
44317
11658
22908
7937
49543
35647
17230
14859
40147
13970
18830
29176
30316
35566
33209
22151
23718
49594
29465
23064
39344
16915
7686
45962
4343
41864
19038
49842
33041
19101
19112
24126
39515
38644
26251
51170
8302
25517
18204
44519
44188
11418
36990
2778
1025
38861
50122
38803
41931
32552
38534
22885
23424
36756
31136
4071
1779
525
10537
35989
2688
39409
25677
44967
30212
10772
38579
28294
27481
40022
24577
44708
31624
51248
22755
27671
19283
44958
35540
21621
35687
49732
32119
31989
45855
3879
27736
32979
21809
46333
46419
38559
21962
11599
19035
14669
35127
32601
32511
26144
30152
13507
9047
22542
14475
42810
29104
19477
20489
19353
47470
38385
46135
47973
47327
10257
26863
9771
19439
49899
9113
36346
27508
41314
30733
26959
8187
42475
47400
50019
40540
47299
50226
27785
14694
44501
33975
32466
17015
45635
687
43482
25234
15635
49815
3917
9312
17181
42212
34070
755
18829
993
23682
18106
43939
12814
1884
30115
954
502
22126
22045
29980
14004
23651
44361
18111
31112
34561
36196
39804
29208
1590
2420
19310
36045
7972
45804
16228
27334
22333
48870
832
4077
1840
17496
37431
46611
35427
25090
8406
26145
35473
39311
43455
20704
30042
19314
4290
40192
26637
25388
44203
46543
2604
22987
13799
34944
21026
1658
22249
48439
13567
19948
20645
29322
17057
9059
35679
11426
26838
44128
36599
23223
10795
15870
13352
46968
35956
37077
25240
32639
695
9780
48011
1236
408
1872
11830
27258
17097
49706
23533
29393
16951
12573
7439
1544
43582
34113
45258
35567
37460
10384
776
11440
3380
26325
11353
28037
18903
37501
24817
33456
11533
24371
12237
37770
7347
38425
2227
24501
36190
31530
19685
11399
4114
29411
31389
2637
19145
16990
10531
33626
29391
3032
26029
25927
32169
385
12328
9292
8051
42048
14282
17714
29744
16065
21463
28874
15080
49665
1776
46447
35971
20911
9935
23255
33042
40446
27354
47311
33770
26048
12023
22149
45661
666
49300
25372
8090
6611
39485
13421
1947
11648
9500
33263
11178
47081
30157
11666
15812
49151
11193
29152
11190
36293
3110
28406
7762
34471
2464
34079
42851
44043
17859
34076
18439
31852
9182
24985
38976
38975
22891
20639
38981
43892
518
33830
8783
34863
31230
35085
2606
10929
47920
23370
11519
2013
43302
44223
28339
14549
33954
10207
23058
17218
41420
2357
5967
24401
48511
13291
25772
9323
21465
17374
23074
30945
32052
44130
19030
10176
18985
33287
10767
20366
45327
36549
29966
22096
49853
14058
47799
49032
43804
33747
27444
12192
38714
41722
18897
18210
17868
14278
31250
38137
26128
16550
40736
28651
14570
31228
32408
28409
14809
37869
26300
9550
1797
33774
12073
29491
13793
45810
12675
20395
21940
37854
7599
24216
24415
38398
9942
3305
2059
22753
4407
19087
17697
2658
44236
4184
38664
24044
28943
49169
36018
28976
46550
32121
1215
15679
38270
2470
28371
23999
47649
26309
17667
4251
13339
43633
881
48197
47937
19393
32921
3295
38362
28464
36791
9301
34495
38192
32621
47085
15560
46814
1912
30296
48827
12359
28370
39642
21709
41075
20532
40205
49509
15040
25905
30119
28232
21054
33452
20080
32235
7839
41987
19131
23039
50274
21680
28317
34449
22119
13324
18160
18554
19680
34460
28086
12286
21202
9068
3909
12243
35970
22314
14777
364
30196
24082
3729
31721
3549
14966
45345
46607
30321
4107
18813
48935
25445
17971
17788
3245
29422
46688
17053
36804
40149
59
26152
45524
41355
23421
45166
35430
49094
47452
34676
35849
19633
24634
32156
2994
7886
822
914
46218
11636
2569
27617
31697
31388
29099
41475
42098
31394
31393
32539
12163
7481
41584
28678
8398
7636
12047
31211
29520
17671
2264
17058
37939
23890
42837
19311
39385
3438
43858
25175
22775
44536
2329
40503
23765
9723
24300
14896
17733
9158
10498
18648
35330
27713
42100
33850
33365
11739
26567
49028
32443
32828
25367
45350
1317
4032
41418
46311
19141
31578
7860
22292
46448
11952
15952
1394
16220
541
13217
11855
26445
34859
38934
2964
30564
45852
16701
3047
24329
2143
9763
8447
9485
3364
38783
22683
2333
21204
22436
9448
50282
17033
50597
24019
30861
40527
44309
28458
2431
37914
1013
38737
32153
16759
40146
8085
15304
338
33002
29460
33381
29807
16840
17443
33383
11713
14164
1617
13879
21796
6477
20500
49414
9878
26389
9434
610
2685
22541
28296
37466
42091
2723
41587
37490
19667
22010
2341
6997
801
26391
26239
2629
34015
36062
37141
32817
23867
29622
32636
13561
23151
30948
32400
39222
44187
7760
31124
25309
16472
49420
23429
7162
34480
35134
4280
29077
275
39006
29144
47328
35344
6331
4202
44110
23838
12024
11979
27339
49408
45026
25649
42417
12099
28283
10197
44495
35662
35884
37335
41285
26358
50144
27512
10379
16454
39253
32676
7526
38709
49376
31053
15787
26345
23831
44926
15126
19905
20764
2960
49355
36545
9659
22640
22618
22635
30976
46811
16833
48099
48100
13397
536
37989
12233
1541
19051
26706
24066
5242
4696
47387
32330
50579
2948
25224
34067
22582
6222
35794
10096
3165
44500
32415
12375
7537
23871
30356
23993
44424
46747
36511
34818
11981
36102
1743
741
2676
49154
27476
14995
2543
42977
49702
22974
19850
2956
9606
21771
23246
1850
48148
34429
11841
3320
2009
13741
37108
441
45060
11454
40885
42128
16316
40207
672
15102
38473
35462
30275
24246
20024
30289
26885
10391
22355
27700
7514
27741
43053
44397
221
39120
12274
49158
44752
9870
16371
28572
30341
28707
47853
26987
34027
34334
18717
23847
18727
7663
22027
32403
35279
33608
2683
605
14845
45033
45021
45028
34120
34138
1591
19276
18641
34037
29689
2439
17791
45039
10613
3528
32526
30310
33337
36544
2506
27489
38880
25492
40291
36597
3276
5751
22482
14310
47587
2881
2648
14467
39191
2940
28852
42579
34280
37489
40304
14697
32334
14192
46754
450
3249
19641
895
18724
33185
23685
949
20649
15740
29401
17611
39495
34162
35378
49481
9153
35272
35910
20746
31826
18082
9570
44739
4310
49636
44423
8626
37230
12950
18638
48227
25215
29374
32707
47348
3062
32671
19736
17321
20954
45237
36755
26510
20350
27600
10825
23900
12949
11149
1511
46079
27256
15750
918
10458
1184
44857
21935
704
24728
20822
1453
40746
21582
29604
47706
22861
30358
32457
23959
13835
36812
18350
44605
7712
28475
35338
24399
50059
39173
25296
7039
33957
9636
15617
24587
3518
21251
30984
20007
4253
4100
8246
20396
29428
33479
16327
14945
4676
20618
1351
19603
17853
10372
27189
43607
17183
3952
8953
45029
29657
3044
38313
1950
16615
31865
1043
50587
37295
23459
8035
3299
802
32585
36590
39445
19355
50098
26159
19014
26165
48800
1055
44946
43054
35750
23345
44004
21219
36054
44140
4021
1685
23065
15307
31093
35882
32866
15191
1597
1577
11724
35999
21479
17684
45979
1780
16081
16000
28323
14433
25421
34556
45992
26834
7929
9737
41675
31587
2995
14156
39189
15280
45723
27124
39765
21877
29140
23560
2755
34705
26060
38731
18630
9188
14973
34679
23556
2725
34235
41522
33093
17832
16662
32546
27071
4158
46594
2158
31337
44505
34147
33545
41048
9176
20524
25745
17799
39773
43063
3036
8424
20204
20715
27463
31034
1119
24114
29283
13563
17098
29866
11553
7461
40111
18843
3135
44544
23428
18505
25844
9502
42466
25812
47779
18701
1499
20167
13514
3277
20800
37042
24818
18484
43823
31656
19155
34841
29044
4372
23948
15467
1639
46595
31988
5659
26049
23564
7744
4302
17803
49418
31341
39458
29856
34538
1989
42921
2426
12260
2177
3733
11656
8972
25045
38049
27923
43863
9177
40297
40839
21878
29700
23637
50298
47482
26771
25066
29630
13167
1562
5580
20934
44912
27518
48178
10612
34714
26154
10345
9337
25528
34267
43967
47930
14182
10024
42609
4416
10225
28607
26213
24769
40453
36125
28583
25989
28230
24690
34112
2609
15414
10530
24504
27140
34177
36767
49749
45253
44790
34901
13753
26893
43476
33012
24503
36827
27013
20621
23413
20412
16309
37848
12145
35365
35295
17804
11649
8952
34302
22778
25698
14722
23561
25921
23240
34103
724
4326
49620
8984
18901
41253
28730
803
2372
37198
34711
1140
5342
25135
11103
23238
38733
3210
42265
11748
8917
29808
2473
27645
10392
11741
29665
7176
33500
3133
21511
10144
21944
49082
29710
8115
16076
3345
10648
33398
1530
11005
32588
36892
14442
31902
22107
23302
24514
39091
40271
3914
17155
12495
20667
399
773
7803
18557
22671
1441
29207
3209
22860
4325
2823
4173
13498
749
21589
18937
980
47314
19757
16416
14515
15958
14833
4025
49485
27265
33844
10732
39698
39971
34247
40382
30686
24363
14314
46568
26504
49181
18157
1335
30118
7560
8054
42890
44518
37166
49160
21343
34257
30867
30915
15710
7841
29405
32484
18496
17021
19369
20479
42987
47351
35579
49925
25704
28673
946
49037
2578
50840
38168
10326
31382
402
26424
3720
29088
22351
32775
9638
48199
1402
15721
9067
6014
28129
13939
3418
26994
39569
19868
37422
33007
1283
12063
23051
115
35039
26295
27808
19686
24672
34767
29434
13998
17011
42696
44039
20983
31729
9382
652
44406
38907
34518
1089
31637
39096
13972
31917
25924
41846
29399
27664
10515
38653
20642
17421
40367
46629
1129
3721
42052
29908
20283
23244
18447
13181
19295
22942
28666
37048
3961
3190
27806
32761
2067
7694
21276
29286
3127
3702
29041
15663
1213
10008
35740
4155
46810
8688
22633
40732
8779
44116
44296
16621
1990
43064
31243
47401
10027
393
19986
24263
35514
38202
36134
19424
18443
16527
16798
3078
36167
41881
25707
21884
9963
32515
44428
39126
44427
2448
12590
21085
23340
18367
15557
33809
22770
18831
41997
15207
19863
9950
2870
12581
9852
10633
36704
39343
10356
33193
46865
29896
23334
27219
15287
11684
21553
33538
20387
39274
27699
24997
20813
28173
28653
16651
40300
36318
12165
28859
34539
2442
16827
17226
38785
7596
13298
33441
42291
11977
45046
35696
15775
10747
29552
44462
44855
35189
16887
37282
49461
2524
34929
2108
19770
20687
49602
45990
17756
9116
31299
19023
35547
16372
30048
49833
26449
1168
25824
22682
20549
3621
4125
7606
8819
18908
26530
24112
8037
36666
13313
5875
25801
9547
21891
48510
16608
2776
20597
16488
33532
47217
46538
25041
43038
2215
3059
41671
9512
19281
14646
19298
31316
4781
1933
19652
12618
1669
1805
45460
41758
12205
31668
30495
22971
989
25394
1105
16182
17942
4168
21535
35853
1052
9653
31641
25802
33973
21716
2107
12947
14920
47340
16481
17556
45826
30578
4102
19781
16126
27312
21020
31739
31295
23076
43647
31029
26536
14567
49984
41157
44641
34442
32348
8391
32713
8871
48152
38094
12306
41642
11186
3231
13841
29382
31939
23108
2080
9786
33838
25768
27447
33341
11606
2541
26861
12425
35563
29570
25185
27831
15206
26030
38947
23275
40879
34175
26765
13619
21484
21667
