130
107
138
94
89
116
92
96
106
165
130
87
137
228
400
259
260
414
1152
863
1095
362
392
513
511
302
150
72
87
118
76
98
25
1023
884
327
1205
151
69
72
86
87
71
47
37
513
533
654
454
382
82
70
101
63
79
54
54
151
149
121
111
83
813
575
620
275
335
106
61
91
49
61
91
108
91
734
354
250
479
524
797
83
62
90
106
72
89
98
49
25
348
284
244
800
612
456
98
212
108
94
78
75
86
78
77
79
77
86
73
70
33
175
140
221
522
429
457
191
199
1844
364
316
564
255
97
69
79
97
102
59
75
72
76
339
195
387
442
127
1451
98
68
80
95
81
75
61
34
51
539
1228
490
1043
87
69
81
78
81
99
111
183
69
116
103
99
154
112
68
72
102
72
78
814
181
232
246
640
2908
91
96
91
163
68
68
86
1017
921
1268
633
90
91
161
75
107
82
119
402
1320
642
87
111
204
86
175
135
84
109
73
88
78
89
96
94
67
82
500
743
1039
598
249
1815
84
86
71
111
88
125
94
43
505
385
456
676
336
1019
95
87
69
102
73
127
94
58
1203
736
186
93
75
146
115
70
86
85
365
691
660
585
637
95
78
117
75
98
69
130
800
1052
277
745
347
97
83
118
83
50
65
84
88
157
81
102
73
57
656
385
954
809
566
80
90
163
78
81
54
455
386
416
211
647
325
188
80
90
69
78
79
56
24
21
80
83
93
86
142
133
110
441
535
454
442
689
561
78
83
93
89
97
136
88
629
690
312
245
283
345
283
84
130
69
75
87
84
79
93
180
80
79
97
108
80
76
90
87
363
306
1115
687
385
498
82
77
79
131
66
110
103
1089
413
119
336
287
77
78
79
77
57
118
91
168
86
72
83
118
136
137
52
113
79
80
301
529
416
317
670
793
2843
324
240
87
170
77
208
88
71
89
71
89
131
33
371
440
241
491
306
407
345
337
232
475
1828
238
100
91
81
152
116
98
951
811
1130
439
103
98
77
86
77
94
94
373
560
998
577
346
347
100
90
93
60
131
69
75
99
150
97
117
167
68
118
73
108
101
210
196
186
507
731
464
63
76
68
94
93
98
71
130
31
1022
466
857
761
298
545
88
116
187
97
72
131
162
133
71
107
84
772
285
579
468
664
275
574
610
80
111
95
69
78
105
146
868
554
662
789
287
172
80
113
96
69
129
92
113
395
606
522
235
210
67
146
108
145
145
168
108
77
110
73
51
17
554
233
538
157
195
434
467
1985
908
269
316
86
100
149
76
142
103
99
72
79
99
85
68
49
443
557
357
199
349
566
569
396
680
843
352
92
89
62
131
72
100
116
728
338
639
1171
104
100
62
70
79
107
103
100
574
541
360
1138
356
103
100
70
99
71
58
70
105
87
78
74
87
91
104
802
1244
819
560
70
105
86
78
73
87
90
109
393
494
741
568
346
221
273
82
79
55
73
73
149
82
124
579
348
398
377
291
130
201
853
83
83
73
79
92
73
94
81
66
268
193
544
375
341
513
457
366
94
153
99
93
71
75
90
96
86
148
108
103
127
401
568
388
161
185
627
499
509
879
712
298
88
82
98
96
110
122
120
925
1065
878
307
381
88
124
96
93
104
89
45
1130
747
542
744
86
75
120
89
91
91
145
67
80
62
125
79
80
123
84
85
91
72
91
400
1127
226
272
361
254
343
565
724
386
344
651
361
91
54
95
85
66
74
148
94
83
975
1294
683
849
101
86
66
75
132
83
84
769
536
424
358
322
103
75
66
78
73
48
74
129
168
77
76
136
87
124
110
103
68
65
746
1150
373
245
670
151
508
479
731
547
312
76
75
197
79
130
224
292
110
1322
635
1049
77
76
194
102
81
128
174
498
46
666
455
759
43
77
76
53
104
96
85
73
94
126
128
138
739
612
836
700
1178
125
92
75
84
127
89
97
1638
211
210
203
464
93
125
66
89
92
26
213
203
244
141
67
164
132
134
95
248
180
424
653
558
262
833
605
792
565
621
337
65
163
112
135
96
76
309
1242
577
798
346
327
544
303
298
82
87
66
91
97
59
132
97
70
104
65
133
100
814
864
572
700
518
131
100
107
37
65
133
74
85
362
196
810
644
871
126
85
107
69
77
21
30
145
164
169
78
141
130
102
132
117
120
70
1186
584
304
259
901
236
429
856
743
311
282
112
214
71
60
114
45
37
461
777
900
927
490
118
113
103
73
108
59
112
80
61
738
228
656
231
380
92
61
71
87
65
79
50
132
152
140
163
52
104
636
836
462
942
220
172
152
180
140
31
16
652
620
557
1090
293
80
67
94
87
93
75
67
64
107
87
72
82
56
101
58
69
64
73
149
105
151
77
70
67
148
174
74
97
60
102
71
81
69
98
198
104
71
85
108
108
99
125
78
54
78
80
93
86
94
86
82
25
66
97
100
77
79
79
49
79
78
86
73
113
91
80
104
79
118
88
158
94
96
70
104
91
134
100
60
78
81
51
79
73
76
97
42
69
132
71
99
68
60
93
53
84
81
69
100
93
90
110
118
134
138
144
123
72
113
121
80
74
29
66
64
71
86
73
84
58
48
23
66
85
80
78
87
77
109
16
131
128
113
79
178
104
117
85
134
99
97
102
77
74
79
107
84
85
48
148
150
38
99
170
94
65
91
110
134
52
54
61
94
88
99
78
84
65
89
84
199
122
125
88
80
93
99
115
71
145
112
74
65
67
82
85
97
120
113
74
65
67
85
97
62
112
80
156
195
142
165
90
129
103
60
52
38
60
52
201
65
73
90
60
89
81
126
65
73
100
89
117
138
122
137
77
71
75
131
83
96
69
91
90
51
84
110
65
86
137
75
59
230
67
183
165
79
81
78
87
140
53
66
80
69
78
80
79
84
106
75
82
92
81
95
86
167
37
134
95
166
101
139
119
123
84
102
51
93
68
98
79
96
84
102
85
103
45
79
63
76
84
102
69
101
25
112
94
143
143
85
155
136
108
87
87
103
18
63
89
84
91
91
84
86
81
35
194
200
136
80
92
81
86
81
191
15
78
78
87
79
99
81
86
81
86
65
176
172
146
104
97
75
90
92
47
86
65
88
72
126
74
83
72
87
68
69
108
72
76
63
142
163
155
119
100
126
97
104
77
83
125
97
71
66
63
117
71
45
97
93
66
107
69
69
102
34
80
132
118
171
74
73
153
71
97
78
90
65
81
86
72
76
83
93
82
75
80
88
77
74
76
76
72
97
138
179
112
174
181
95
97
86
97
33
16
59
91
68
96
83
113
61
38
64
59
91
70
75
114
70
66
146
157
138
108
126
130
132
57
80
46
70
49
46
69
107
82
78
54
69
92
57
22
69
107
83
78
52
66
96
30
36
195
142
153
139
89
101
96
58
94
57
48
60
31
83
102
87
75
87
96
59
95
176
206
164
55
82
94
81
207
230
70
65
55
82
83
104
84
94
61
237
107
155
70
138
90
108
105
76
48
77
80
57
73
70
90
134
81
91
81
56
83
82
73
71
91
95
127
170
86
170
179
76
91
93
143
44
43
99
74
86
71
77
93
133
102
74
71
93
78
76
90
65
95
61
76
66
75
161
95
135
145
144
136
103
119
57
152
81
60
29
22
83
65
75
83
49
81
90
61
42
83
65
76
84
51
98
68
78
22
168
133
79
122
139
73
87
144
68
91
142
73
69
79
83
68
73
87
91
77
197
150
144
101
82
83
165
67
64
79
78
75
108
83
82
82
92
75
146
111
73
73
118
177
149
79
78
76
64
88
63
132
70
63
57
134
45
106
75
63
57
128
74
90
85
65
67
70
147
133
123
129
86
88
116
127
75
73
71
71
102
105
88
84
84
49
88
74
99
86
97
88
85
197
79
97
92
73
84
73
192
75
80
84
89
79
92
63
74
85
88
66
102
80
92
74
85
49
71
74
75
143
146
100
83
130
147
132
91
102
112
69
30
91
101
81
73
83
94
102
62
91
102
79
69
86
96
37
46
22
135
126
142
93
100
143
165
38
53
134
90
30
29
71
85
87
91
100
37
53
56
94
53
169
167
73
81
262
78
93
215
84
65
72
73
81
79
78
64
123
97
86
118
93
80
100
134
58
72
78
52
56
102
98
86
93
80
68
63
107
58
53
97
93
58
92
69
72
66
63
45
221
140
173
81
89
73
84
75
92
41
25
40
66
60
133
71
74
83
88
95
152
78
70
60
85
91
108
85
85
87
151
48
26
37
62
78
70
60
83
66
88
122
87
65
92
69
93
62
84
57
91
132
189
75
148
127
90
82
92
84
103
75
60
94
71
92
90
91
28
39
68
103
92
94
70
90
84
28
159
165
121
142
214
192
87
111
21
31
74
98
83
78
91
96
87
46
66
147
158
118
155
135
87
86
60
29
142
37
34
77
98
83
118
100
87
73
85
159
82
62
107
113
116
90
147
84
72
88
54
76
83
82
64
107
72
86
74
51
49
95
90
51
87
81
82
74
90
269
82
186
78
105
85
79
89
79
68
76
41
95
83
84
105
102
81
79
38
104
155
131
84
82
53
55
83
103
74
102
111
123
76
77
79
73
39
60
72
131
71
97
103
87
74
92
97
129
29
119
120
120
94
93
102
121
140
161
67
126
93
111
69
105
85
129
52
73
92
68
68
76
105
79
51
136
65
70
60
73
97
23
41
133
111
67
107
157
128
121
148
145
97
62
81
78
89
65
102
94
80
60
44
91
110
158
92
90
160
109
81
88
191
47
90
65
87
104
101
111
82
72
162
205
144
74
124
123
94
88
80
34
24
55
77
73
80
93
95
95
90
96
235
97
77
72
58
178
75
125
170
103
96
137
119
98
54
72
93
76
87
131
84
90
95
91
77
81
87
79
71
94
38
191
72
125
166
47
50
87
88
81
107
85
84
85
81
123
76
93
47
114
50
87
250
112
68
66
113
135
98
143
170
34
29
84
69
52
66
78
94
68
109
83
85
68
51
66
78
92
68
116
34
205
119
121
135
136
72
75
87
97
90
108
82
39
114
120
123
134
73
85
69
193
115
124
171
102
96
132
177
99
44
53
68
154
83
116
72
104
80
84
107
163
123
45
61
81
95
86
78
56
126
109
72
89
107
91
108
45
69
56
36
90
162
45
103
85
54
115
