27646 8221 41536 2572 21413 7680 44394 23728 24022 26155 38527 34616 22071 30081 1555 1407 2986 27646 8221 41536 24554 17572 596 18395 43216 644 491 596 8594 24488 27619 29686 3015 21413 7680 14212 
12498 29449 
1837 35450 26763 27647 17442 28226 24685 30611 24583 14177 38527 21569 
44394 7680 644 17639 16665 
15596 7689 26166 21413 35450 36199 38527 21569 
432 
21473 1200 11787 24310 19264 32722 13502 38527 38522 
12498 29449 
13003 2616 2136 25981 1719 1260 9567 38527 13003 22071 16979 1407 2986 24559 1251 2417 
16311 
3311 2297 1200 25368 3015 1837 457 27960 1259 1837 9427 20826 38527 41840 
18316 21478 10648 21311 38527 30628 
12498 29449 
8594 16088 13434 2345 18528 24559 16089 569 1253 3462 3445 709 627 3015 20826 38527 34616 22071 16972 1407 2986 
7712 
2740 2670 2552 1298 8797 2972 1574 35148 2989 38527 13003 22071 1282 1407 2986 
10752 7680 18349 17688 15397 23721 2625 44707 16678 38527 38383 
27647 18862 10817 18329 16761 24310 12334 10337 657 664 38527 3460 1376 3596 
21206 24310 1330 20480 9567 3445 2827 479 36646 1944 38527 11530 
13003 10817 28336 8221 18329 
8594 
8594 27312 16678 7681 19782 2269 760 29065 9920 1461 2587 38527 17639 22071 1190 1407 2986 
20364 28068 18587 36856 38527 20364 
1837 457 21478 18598 38925 18790 32896 
17639 31795 14502 16678 18528 1330 3429 1715 28430 9567 732 3196 38527 17639 22071 1374 1407 2986 
2890 27924 1200 8994 13910 24310 3015 32035 716 2359 32870 38527 40459 
10752 24310 24495 2770 9567 38527 38383 
13003 24559 8436 1053 2286 20047 21909 38527 13003 22071 732 1407 2986 
9879 1330 3429 1715 24310 37897 13332 38527 27067 
2997 
457 1837 19153 596 24310 24583 22188 25467 27087 38527 41840 
44759 9660 8594 39918 3302 34295 8999 38527 35132 
457 1837 24022 2997 
14935 
18316 21478 16081 32771 35571 9567 38527 30628 
13726 19153 744 20306 34770 14442 32564 2572 22655 14394 3015 13910 9567 38527 34616 13663 30081 1407 2986 
707 7689 9660 8594 596 11787 24583 14177 457 3015 7443 38527 21777 
688 2866 16513 9660 8594 2913 24583 14177 3015 29013 15565 38527 43652 
10752 8994 33676 32035 13910 16519 24040 38527 38383 
7712 
2625 25765 16513 26147 34376 38527 23743 
12498 29449 
15624 644 21387 26134 25590 357 3345 38527 13003 13663 16983 1407 2986 15625 12852 
8107 18329 
688 35450 3199 27647 25995 25944 7570 10687 
1837 4165 12626 2997 2237 2284 1715 2471 596 2740 34376 38527 13003 13663 3462 1407 2986 
12498 29449 
11787 46976 10100 11787 24310 29065 14128 3302 620 38527 13003 13663 1555 1407 2986 
15596 42472 18329 42872 24583 14177 341 25326 16898 716 2620 38527 48455 
27414 24310 596 
12498 29449 
42872 24583 29333 2913 27793 14442 998 12337 29018 10640 38527 27780 13663 1374 1407 
12498 29449 
4165 844 2997 
3204 627 1135 973 18528 24310 13910 29978 3015 32035 38527 39892 
15605 1068 2000 2718 612 2913 7597 31787 21478 16081 25245 38527 13003 15899 30081 2237 1407 2986 2220 15605 
4165 844 2997 
13726 26166 21413 21478 31622 38527 34616 15899 30081 1190 1407 2986 
4165 844 18329 24583 14177 11727 10640 11787 24310 38527 40635 
732 444 27647 25033 14743 
1144 8994 8417 24685 21192 3015 17442 13894 38527 21569 
889 2506 3190 1200 29335 27558 11787 19264 28482 27833 38527 41840 
36582 2572 27647 25995 25944 7570 29978 38925 26147 34376 38527 41840 
8594 644 35637 24022 2997 1190 3103 28710 32038 38527 41682 
1948 1790 2170 2777 36927 1200 23771 7878 16678 684 1202 2878 37108 38527 41840 
35637 40526 26763 33676 732 4332 22642 23520 24583 14177 38527 41682 
36961 2257 17442 1715 2471 596 21569 23740 38527 21569 
13726 1077 15596 42472 26155 38527 34616 15899 16978 1407 2986 
21413 1200 
3830 3401 18329 23274 28298 25590 36084 8594 16678 38527 41071 
7712 
29154 2345 25590 14502 37175 855 22188 38527 29145 15899 2237 1407 2986 
40889 36961 2257 17442 32595 20480 34698 38527 34616 39295 1407 2986 
18395 1407 3401 
15596 18329 15359 16792 27649 34043 21478 50041 38527 21569 
16311 
7712 
7712 
27414 28152 39599 26217 13611 38527 27352 
7712 
2997 2875 2284 36960 26147 30066 10369 11787 24583 2572 24310 12334 3015 17257 38527 21818 
3301 2033 1134 9660 8594 1004 26429 11787 24583 14177 7469 28244 38527 21818 
2997 2875 2284 36960 26147 596 21818 23740 38527 21818 
688 1852 1002 2471 8221 19153 744 34770 2913 11787 3015 12399 38527 21818 
12498 29449 
12498 29449 
24306 24583 29335 13003 14457 25944 1408 9567 3445 2827 479 1282 38527 13003 1374 612 17998 732 1407 2986 
7712 
9879 33676 32035 34742 24310 29978 38527 27067 
44394 26463 43556 19967 886 27647 25995 25944 7570 15348 7874 38527 9898 40359 
2997 2875 3103 36961 33702 27924 26147 596 30628 34376 38527 30628 
18316 2345 886 42588 15348 31602 38527 40635 
27647 25995 25944 7570 17432 24685 10752 1196 1539 14395 38527 38383 
4165 12292 15596 32637 32564 31602 38527 40635 
1837 8994 34698 18329 11787 24583 14177 2913 1837 33324 10640 38527 41840 
11787 24583 14177 2345 12882 36118 24310 9567 38527 42048 
24310 27917 
35637 28715 26147 596 2838 24022 38527 40635 
27647 25995 25944 7570 14881 10752 33748 13629 33934 38527 38383 
15605 24559 732 465 30073 32564 35571 13332 38527 34616 1374 612 16987 1407 2986 15605 24310 33744 2269 1407 28361 3015 14849 16261 13182 
21385 23774 10817 36927 18329 11787 24310 1408 2345 29890 38527 2184 1152 2567 1745 48842 
39279 2572 36412 15427 10752 24310 28952 13894 38527 38383 
8594 24583 22637 2345 13535 42872 14177 24868 38527 34616 1374 612 16974 1407 2986 18598 1416 3068 44134 3015 732 991 27924 1200 
12498 29449 
7712 
27647 20529 25917 2973 3007 24559 16761 16920 12134 10100 38527 35132 
2953 35952 644 41427 26151 38527 34006 
41536 19153 
8978 14095 25150 25480 24583 28952 29720 24583 29288 38527 34616 1374 612 2237 1407 2986 
27440 27646 3100 11787 24583 14177 457 16438 38527 23743 
1882 28539 30301 11886 23520 24310 14177 34855 38527 41682 
27647 24310 9529 
39279 19153 10752 2345 18589 23520 24583 14177 38527 38383 
7712 
12498 29449 
615 1144 27924 34179 2000 2625 2345 25467 27087 38527 27067 
2953 35952 26166 3301 2033 1134 38527 13003 30073 30081 732 1407 2986 13003 15418 38460 45836 2953 35952 24554 26166 1985 491 596 9245 29686 3015 20258 38925 44237 3301 2033 1134 23934 
15605 31446 12907 12160 24559 24310 37897 10100 38527 13003 30073 30081 1407 2986 15625 12852 
7712 
27207 41418 1312 13653 26463 22738 7689 38527 50847 
2280 9034 29223 24583 14177 2471 2913 27414 7609 31632 14178 38527 23151 
7712 
27647 25995 25944 7570 29668 2913 15596 31602 15128 38527 21569 
14935 
23652 1182 26763 29696 11787 24583 14177 21571 38527 48165 
7712 
36582 2345 886 2838 15348 
15596 8946 35637 25995 15284 3015 28198 38527 21569 
10752 20306 24685 17030 13894 38527 38383 
11787 24559 19372 12877 2345 35571 13332 38527 21818 
7712 
21245 8150 18316 24310 3015 30557 38527 34616 
40935 596 16761 24310 21802 1715 2471 1330 30066 11634 38527 3073 4072 3981 
27414 2345 33722 3445 2827 479 1282 3015 42246 38527 27352 
16761 24310 21802 1715 2471 25590 15427 42872 24583 14177 13894 38527 3073 4072 3981 
36118 24583 16678 32771 30580 38527 47323 
15596 18651 1144 6233 24966 16228 464 38527 21569 
27647 24583 12626 30066 7874 22134 34698 38527 41840 
14935 
1943 10570 1200 42872 24583 14177 3302 2471 28957 8594 3015 23771 8999 38527 41297 
13560 1374 3068 2670 472 25590 13353 38527 21818 
15596 33676 32035 25467 24583 15293 38527 21569 
3605 14442 33750 18329 8594 24310 13910 29978 44870 11787 27646 34975 24310 23145 38527 48455 
11787 732 870 27320 28298 11408 14636 29618 24988 23141 33992 38527 40661 
14935 
1837 24310 809 2397 8407 19723 11787 24583 14177 2913 1837 10640 38527 20364 
39279 1200 10752 2345 12178 20480 10081 33513 38527 38383 
36582 8107 25150 8594 25480 10817 39750 28952 33759 38527 34616 732 612 16972 1407 2986 
7712 
39279 644 964 332 2950 17690 24583 14177 30315 38527 38383 
39279 19153 744 38044 23520 24583 14177 38527 38383 
7712 
732 2237 41320 8594 44343 13908 9781 38527 34616 732 612 16975 1407 2986 18642 8594 24583 12334 13908 9781 
1144 6233 26134 2572 15596 28068 16218 597 32334 3007 38527 21569 
7712 
7712 
36961 10951 21802 2997 1944 2284 1715 2471 34376 38527 27352 
7712 
21413 2572 27647 25995 25944 7570 30258 10752 21906 28952 32812 38527 41840 
7712 
7712 
12498 29449 
7712 
18395 1407 3401 
7712 
732 444 27647 25033 14743 38527 34616 
18316 19448 2913 24559 27646 24310 19264 34179 34639 38527 30628 
27414 
15624 18642 3345 2794 2269 961 2827 479 732 38527 13003 732 612 1374 1407 2986 15625 12852 
13003 15401 8994 30066 26253 3429 1715 31743 1920 38527 13003 732 612 732 1407 2986 13003 15401 8994 7510 30066 
7712 
27647 37970 25917 2231 41978 13894 1077 38208 26155 38527 43965 
38208 18329 1109 1002 2471 13703 35814 34698 3302 23493 38527 40889 
4195 24002 24806 40889 15357 3015 20896 35814 12928 38527 40889 
38208 2913 44022 8221 17257 33857 38527 43965 
44022 2913 4195 41969 35814 18663 24485 34179 26463 38527 40889 
9902 34179 619 25590 1004 24692 2913 4195 8697 37345 20306 38527 3483 1868 
44022 24692 24467 4195 27924 32576 21910 8697 38527 40889 
38208 37243 44022 11408 24692 8697 38527 43965 
7712 
38208 11408 24692 2913 1551 8697 38527 23743 
21413 2845 33750 8211 25590 8697 38208 38527 3483 1868 
27647 37970 25917 28361 2913 4195 37471 291 3015 35814 24719 38527 40889 
2913 4195 37471 2997 732 24782 35814 2345 596 22432 1730 24702 38527 43965 
40889 15418 12685 23728 35814 38208 37471 38527 43965 
3460 1109 2057 2913 38208 3015 27087 34179 21579 38527 43965 
25385 35814 4195 37471 291 3015 38987 3002 43965 38527 43965 
7712 
3460 1109 2057 1200 4195 31326 48380 35814 28421 25722 24702 38527 43965 
44049 28541 10951 22572 40949 26147 23740 38527 18044 
7712 
3460 1109 2057 1200 4195 13703 35814 28421 24485 16072 38527 40889 
3500 1547 378 8418 38208 7517 644 40889 32011 3015 12620 38527 43965 
44394 1200 2913 4195 30559 1521 2345 1077 44022 32038 38527 41840 
38208 9668 1077 21413 8853 30301 38527 3483 1868 
4195 27924 2913 37471 35814 24719 32722 12399 38527 43965 
40889 42680 1200 4195 2913 13703 35814 32725 27087 38527 40889 
35251 18349 414 38208 15397 38527 40889 
40889 13703 35814 12685 31085 43965 38527 43965 
44022 14881 35251 644 4195 19303 3015 22403 43794 38527 40889 
44394 
8594 26463 44022 14970 23914 27190 40889 644 4195 19303 3015 22403 43794 38527 34616 44580 1407 2986 
38208 8418 7290 13703 35814 12620 38527 23743 
457 2890 2866 3012 2625 2913 688 1407 15357 3015 23914 33513 15357 12160 10997 38527 40889 
35251 18349 4195 13703 35814 15418 12685 8086 38527 40889 
8594 13502 44022 24434 18521 10369 38208 3015 12620 38527 34616 30073 30081 1944 1407 2986 38988 42680 432 3426 578 24554 596 9245 34179 
7712 
44394 644 35251 15427 4195 13703 35814 12620 38527 41840 
38180 44916 596 43965 418 
3500 1547 378 3199 13703 35814 12620 1269 4195 31225 8976 16853 38527 43965 
44394 1200 2345 21245 8150 38208 20539 
40889 28361 4195 13703 35814 12620 38527 40889 
35251 17105 29825 20364 40889 7709 38527 40889 
43965 16665 26463 855 35814 12620 38527 43965 
40085 13502 44022 2717 43444 8946 35251 644 38208 32011 3015 12620 38527 34616 30073 30081 1190 1407 2986 42072 42472 2376 14468 40085 24554 596 34616 26166 25722 22768 3015 40889 23774 3971 414 2515 31622 2564 3596 2170 1278 
27647 16678 9996 25404 13353 38527 20364 
36118 27646 19636 26463 40889 644 38208 19303 3015 12620 38527 34616 
2890 40819 25878 19721 35251 596 43965 32011 3015 12620 38527 40459 
49951 2913 4195 35814 12620 34179 21579 38527 45624 
35251 1200 716 965 34363 2913 38208 30559 38527 3483 1868 
10736 34179 2345 596 27440 31011 25590 34770 47818 38527 21818 
38988 42680 30066 15546 38527 34616 30073 30081 1374 1407 2986 38988 42680 432 3426 578 24554 596 9245 1200 
40889 2572 38208 19303 13703 35814 12620 38527 43965 
21413 2913 38208 13703 35814 12620 29835 24523 38527 41840 
35251 1077 4195 2847 16520 26155 2535 3183 22880 15565 38527 21777 
16311 
1837 25634 2913 4195 16844 1190 8327 26955 38527 41840 
1470 8146 14935 
3311 2297 1200 35251 13876 19612 1837 3302 15000 23840 7931 38527 41840 
39037 24002 886 38208 20641 23771 34332 38527 44023 
29953 18329 21413 2913 13482 38208 17541 7548 23926 38527 35132 
46461 8211 8976 24685 38208 14177 38527 41170 
35251 1077 38208 42472 23728 26155 38527 43965 
7712 
3020 707 1386 37350 1837 688 886 38208 23708 3015 12457 7931 38527 34616 
47695 2572 40898 34179 2345 33624 2913 38208 3015 23840 12320 38527 40459 
1837 27924 7442 1521 37099 1278 653 586 23626 38527 41840 
44394 2231 1837 4195 30297 886 44049 27646 30066 25079 38527 41840 
38208 3462 3142 37471 291 21197 33456 38527 43965 
7712 
16311 
40534 2625 29861 13706 24685 38208 14177 38527 32007 
35251 3015 13246 12685 31085 38208 38527 43965 
21413 27924 37099 2913 4195 30559 586 28270 23626 38527 41840 
21413 34179 35251 3015 38208 479 844 3302 2471 657 14730 38527 41840 
707 3469 947 34179 26463 35251 19233 43965 30787 38527 34616 
732 870 457 2955 29626 27646 25590 26763 14452 24685 38208 14177 38527 34616 
44022 732 4332 8946 35251 3015 43965 479 844 38527 40889 
1369 1109 34179 8946 2572 1583 24685 4195 14177 3015 14452 20306 38527 49648 
29533 13502 2572 1583 24685 38208 13703 35814 14177 38527 48455 
35251 2231 4195 13703 35814 14177 25590 32038 38527 40889 
732 870 457 2955 27646 25590 26763 2572 1583 24685 38208 14177 38527 34616 
7712 
18088 8946 2572 1583 24685 38208 14177 38527 3483 1868 
8594 38988 42680 1580 21413 7680 15397 35686 38527 34616 30073 16978 1407 2986 8594 38988 42680 432 3426 578 24554 2231 21413 7680 15397 35686 732 1261 26263 1985 25607 3015 15329 
3926 2619 2800 34179 38208 7931 644 21413 24488 8853 30301 38527 3483 1868 
38506 23926 33624 21413 2913 4195 30559 3015 12304 38527 41764 
14935 
44394 25590 11886 8946 1837 2913 4195 13894 22642 38527 41840 
732 870 457 2955 27646 26763 2572 1583 24685 38208 14177 38527 34616 
38208 3199 21413 30559 2345 16508 14205 7786 22656 38527 43965 
49949 8946 2572 1583 24685 38208 14177 38527 2091 21670 
9902 27612 26763 35251 24425 29686 38208 38527 3483 1868 
40889 25674 8107 12685 31085 43965 38527 43965 
9902 27612 8418 2572 1583 24685 4195 13703 35814 14177 38527 3483 1868 
35313 8946 40889 40526 32580 43965 38527 23743 
8594 26463 3318 8946 40889 40526 2778 38208 24488 14452 13876 38527 34616 30073 16974 1407 2986 8594 26463 3318 8946 40889 40526 35251 2778 38208 24488 14452 13876 
23743 30002 2857 1837 16781 10386 38527 23743 
40085 26166 21413 7680 15397 38527 34616 30073 16974 1407 2986 
732 870 44049 27646 40819 26763 38208 24434 8828 40889 23914 38527 34616 
29953 13502 35251 24425 19233 43965 38527 35132 
11361 10951 29861 13706 24685 1837 4195 14177 38527 18044 
40471 8998 26763 7578 2913 38208 30559 38527 41071 
40964 10956 29861 21413 2913 38208 30559 38527 43796 
34002 34179 33624 596 27440 3015 23840 12320 38527 26593 
38810 21405 25955 24495 1972 533 7970 38527 40650 
3500 1547 378 1200 38208 965 13482 38193 25634 38527 43965 
41611 684 21413 18804 23926 886 27440 1659 3324 38527 37402 
35251 18589 30787 4195 13703 35814 14177 38527 40889 
20258 2572 9902 29861 21413 2913 38208 30559 38527 3483 1868 
40964 29861 2913 38208 33676 23840 12320 38527 41682 
2433 1631 2958 26166 27440 27087 38925 2428 38208 414 2515 31744 38527 34616 30073 1282 1407 2986 38988 33750 8191 2433 1631 2958 24554 17572 596 38988 26166 1985 27440 27087 38925 1944 43444 0 0 41168 
17867 29223 644 1837 15427 16792 1551 25955 31962 38208 13894 38527 41168 
16311 
38208 24806 3500 1825 25150 14881 23771 
21413 2845 33750 24702 29686 17867 2572 41168 38527 41168 
39051 8211 2572 1583 24685 38208 13703 35814 14177 38527 39051 
9902 8946 29953 24685 13703 35814 14177 3015 25150 38527 3483 1868 
20709 7680 19971 21413 32727 16761 24271 38527 9898 40359 
10736 27924 18329 2572 1583 24685 27440 14177 36471 23542 38527 3483 1868 
38208 13502 24434 2913 4195 48380 13894 7469 24709 38527 43965 
38208 26763 44049 16761 7578 21413 30559 38527 43965 
11164 26763 27647 17442 7578 21413 2913 38208 30559 38527 43039 
39037 2345 596 38208 34628 25164 35244 31045 38527 44023 
31245 34179 8946 21413 2913 38208 30559 38527 34006 
2866 2847 3199 38208 716 24806 1551 15357 3015 13703 35814 25150 38527 3483 1868 
20258 26763 2572 1583 24685 38208 13703 35814 14177 38527 23743 
2890 14468 18329 8976 24685 38208 14177 3015 20306 20632 32907 38527 40459 
1882 8211 2572 1583 24685 38208 13894 38527 41682 
13504 34179 3302 33613 2913 38208 30559 38527 11808 
10736 886 27440 569 1659 47818 38527 21818 
713 7689 26763 2572 1583 24685 38208 14177 38527 45719 
12498 29449 
35251 18329 21413 3302 684 31555 2913 4195 30559 38527 43796 
40085 644 3469 3596 3301 2084 1109 14966 19153 3302 9668 2913 4195 16792 13706 38527 34616 30073 961 1407 2986 42072 42472 2376 14468 40085 651 34616 16904 24554 17572 2237 1278 644 21413 42073 3469 3596 3301 2084 1109 2231 38208 13703 35814 32518 3015 14177 1078 1985 30899 
44120 23728 2841 1837 38527 41840 
2421 2718 20253 27646 2913 24685 4195 13703 35814 14177 22642 3302 732 38527 34616 
44120 644 38280 30899 32038 4195 13703 35814 14177 38527 21818 
961 1788 14452 15397 24013 43965 13876 24685 35814 14177 38527 43965 
44049 27646 24002 2913 38208 16844 2191 
21413 3302 34742 44198 19612 3302 2913 38208 30559 38527 41840 
35251 1077 3500 1547 378 17690 4195 13703 35814 14177 38527 40889 
38208 26463 3500 1825 13876 4195 13703 35814 14177 38527 23743 
2866 34179 2345 48010 34352 2913 38208 30559 38527 35132 
39051 2572 35313 8418 34364 2572 1583 24685 38208 13703 35814 14177 38527 39051 
44394 38280 15427 38208 13703 35814 14177 38527 41840 
17867 19153 14970 46196 24685 13703 35814 14177 38527 41168 
38280 644 1837 
29953 15397 19233 43965 38527 35132 
38208 14881 39037 30787 13703 35814 14177 38527 44023 
10736 653 886 27440 20184 37870 38527 21818 
616 
38208 26763 44049 27646 29861 2913 4195 30559 38527 23743 
42763 7680 15397 597 2841 43965 38527 43965 
11164 7680 26763 2572 1583 24685 13703 35814 14177 38527 43039 
3469 3596 3301 2084 1109 2572 50887 24022 26155 38527 45719 
732 444 27647 25033 14743 38527 34616 
29953 2345 886 38208 30059 19126 12401 38527 35132 
50164 29861 2913 38208 16844 23840 31962 38527 23743 
21413 23606 886 27440 569 1659 10762 37870 38527 41840 
31245 8211 10503 713 14452 29759 24685 38208 14177 38527 34006 
18088 8946 21413 27957 38208 14177 3015 22642 38527 50489 
38810 34179 8946 21413 27957 38208 14177 3015 22642 38527 40650 
42763 2231 38208 13894 1077 3500 1825 12629 22642 38527 23743 
21413 4083 3902 1200 24685 38208 14177 3015 
2866 1837 14468 15427 38208 14177 13894 38527 35132 
7712 
29953 8211 2572 1583 24685 38208 14177 38527 35132 
2890 7680 15397 31085 38208 11886 24685 14177 38527 43965 
40889 2572 38208 14881 2231 31326 31474 13894 26155 38527 40889 
38208 7680 26763 40889 18651 8697 38527 43965 
1837 8946 3100 4195 33034 13703 35814 12685 38527 41840 
21413 1416 21893 3015 13703 35814 12685 33029 38208 38527 43965 
10736 19971 21413 28168 11164 3015 8999 38527 41840 
21413 1416 21893 3015 13703 35814 12685 596 4195 35814 28421 457 2918 38527 43965 
8594 31622 1200 40889 684 27954 38208 9058 11408 38527 40889 
44394 3199 38208 13780 23926 13703 35814 12685 3015 7574 38527 41840 
38208 8790 40889 13703 35814 12685 7574 43618 38527 43965 
40889 1109 1002 2471 414 38208 7709 586 13482 38527 43965 
3460 2913 1837 24310 8697 1307 3334 11144 38527 45624 
21413 3015 8697 596 10757 10789 33828 29838 38527 38528 
1837 27924 1200 689 3460 2345 699 8697 21332 23992 15689 38527 41840 
10757 24022 2857 2576 10386 38527 38528 
10757 24002 24806 3462 2625 25765 22581 28363 38527 38528 
2890 688 40819 19153 744 29696 41969 25590 23132 38527 40459 
10757 28068 2572 35885 32771 13353 38527 38528 
3460 7689 8418 619 644 10757 26273 16234 30301 38527 45624 
8594 26763 689 
2619 14468 1135 14452 8999 38527 3500 2091 1760 1063 
2890 27924 26763 7578 41971 47595 38527 40459 
10757 49637 3199 657 23542 7952 23869 38527 38528 
41536 1200 
3981 2163 2148 1894 2800 1109 1135 1837 457 9427 26064 27960 38527 41840 
3500 2016 3906 26763 1269 20674 3012 32874 965 2576 1459 38527 50024 
27647 17442 26763 689 3460 33676 23511 15565 38527 34616 
2038 7689 24267 457 2955 3082 596 2576 24189 14172 38527 43796 
44784 8418 3460 619 644 10757 30301 38527 45624 
10757 42656 29861 2576 1254 11408 8994 32225 38527 38528 
3460 7689 26763 27631 45079 25245 8697 10640 38527 45624 
11164 26763 457 2955 27646 25464 3302 23132 41969 15119 38527 43039 
653 732 870 27646 26763 689 3460 15000 41971 38527 34616 
23238 
50044 40949 32296 14468 26147 24702 38527 40746 
44022 2913 49951 24488 41971 1307 3334 11144 38527 40889 
38193 3199 3302 2471 596 457 2955 16508 10796 50740 38527 45719 
49951 12085 24495 47967 38527 45624 
38988 42680 1200 
8594 26763 27647 17442 48712 13910 20674 24040 38527 34616 13663 30081 3462 1407 2986 
732 870 10757 41166 32638 2857 2576 9793 38527 38528 
43626 27646 2913 10757 41971 34179 10486 38527 2184 1152 2567 1745 
2619 2913 689 41971 1307 3334 33927 38527 3500 2091 1760 1063 
3460 1033 1814 32946 8594 596 2576 13894 1330 3015 22642 38527 45624 
40085 1200 
3460 38988 2231 689 2913 3460 14205 30066 17257 38527 45624 
10757 10264 19971 8994 24488 41971 38527 38528 
35251 13502 689 19303 13095 41969 27647 28278 38527 40889 
10757 19963 41971 3015 33748 13416 38527 38528 
35125 18329 10757 41971 14176 16761 2572 1583 644 35244 38527 49944 
10757 7689 25590 1004 41971 34235 38527 38528 
30621 457 4165 27646 19194 10757 41971 38527 34616 
34612 27646 2913 10757 41971 34179 25791 9173 38527 38528 
10757 10264 2572 28539 19194 8994 24488 41971 38527 38528 
36118 27646 25590 19194 10757 41971 38527 34616 
3462 2625 16513 19194 10757 41971 38527 43652 
27647 7871 
732 870 11787 27646 25590 19194 10757 41971 38527 34616 
10757 7689 3199 689 23910 19303 
18395 1407 3401 40183 13925 
39892 33720 15544 26147 31622 19194 10757 41971 38527 39892 
16311 
49959 19194 10757 41971 38527 41205 
10757 34677 19194 10757 41971 38527 38528 
27647 17442 19194 10757 9715 24488 41971 38527 34616 
44394 12085 2913 10757 16836 8697 38527 35008 
12498 29449 
10752 2625 2471 14881 11408 39279 
10752 2625 2471 18329 39279 32225 684 3481 13116 24488 38527 38383 
39279 34179 10752 2345 35824 24022 31704 38527 38383 
10752 23870 29861 2625 2471 11408 39279 32225 38527 38383 
10757 39917 596 3426 10951 33937 12037 457 16465 38527 38528 
1036 2297 1664 4195 45813 38527 38528 
7712 
12498 29449 
38193 3199 41840 713 3460 16513 26147 11708 38527 45719 
713 7689 2345 3302 33624 713 3460 1837 16513 26151 38527 45719 
39037 7680 34179 8946 49949 16729 38527 44023 
3830 8946 3460 14881 1837 27957 713 33030 855 29779 38527 41071 
44394 28632 50887 4082 1287 2572 1135 16906 38527 41840 
21774 19233 38193 17690 3460 713 26155 38527 41840 
27647 15736 
713 3460 40819 2345 29525 29113 26151 44394 38527 45719 
12498 29449 
2838 855 7680 24068 3318 7574 855 8994 38527 40635 
3507 39331 3073 31424 42588 7680 38527 40635 
3020 22368 14534 16747 9999 32612 33386 38527 34006 
31245 28161 16258 732 889 1178 2513 16761 25588 38527 36066 2396 2033 
27207 12026 16258 20656 1024 1815 1178 2513 16761 25588 38527 36066 2396 2033 
18863 2543 3405 2000 1574 20656 
14935 
24733 43689 598 4262 26252 38527 43590 
8594 2954 3469 25202 23700 38527 34616 
24733 2914 18270 44198 20656 34099 27920 38527 35485 
821 10809 1200 
2997 16987 2284 30600 43996 34376 38527 18316 35485 
20268 12026 30203 44198 9875 26566 20656 
953 2671 614 983 1004 18316 10654 2997 961 1848 35485 44198 24586 38527 35485 
13003 16761 3396 35651 38077 1251 1407 1375 2105 19774 38527 13003 
44198 18570 7713 
35409 44198 8594 2914 7548 732 3103 32703 24586 998 2624 38527 35485 
44198 18570 7713 
2024 1583 3981 2446 2453 48399 1682 3048 24586 38527 35485 
23238 
23238 
2998 1772 3596 2453 20277 
23238 
8594 12026 2034 2399 2191 26014 2921 3022 1178 2513 20656 
23238 
18316 2914 30203 44198 15101 26566 14642 27920 38527 18316 35485 
42763 12026 10654 44198 48399 3323 1330 13646 2280 10824 38527 35485 
8594 1374 1682 2345 2453 7764 1265 26566 2136 457 25676 23919 1444 38527 35485 
23238 
18570 7713 
44198 21068 2345 2197 3153 
27207 21032 33997 1109 1882 669 552 20656 
2954 3469 24012 
18316 12026 2453 44198 15101 26566 2280 
44198 21068 2345 2197 3153 
44198 20268 4273 2229 41422 34832 38527 18316 35485 
8594 30327 44198 20277 34099 43087 1375 2997 1190 991 38527 18316 35485 
20268 12026 596 44198 34612 2000 889 20656 2718 1416 12928 457 32949 38527 18316 35485 
44198 
44198 20656 34099 23919 24782 34435 
15256 332 1837 44198 28683 26566 1375 16072 24488 38527 18316 35485 
8594 20277 
44198 20268 12026 2408 1574 16761 25588 653 2902 2000 1848 24586 38527 18316 35485 
44198 21413 47991 30641 424 18316 10337 657 664 38527 18316 35485 
2954 3469 24012 
44198 42763 24586 22192 30641 424 41422 657 1788 38527 18316 35485 
1310 807 
42763 9875 26566 1682 2345 10654 2997 2875 1848 44198 24586 38527 18316 35485 
29953 12026 30203 44198 26581 26566 20277 3068 26208 27920 38527 18316 35485 
44198 28683 26566 2572 26581 26566 33748 12928 1375 3193 34268 38527 18316 35485 
2954 3469 24012 
31702 2572 19150 31949 35485 44198 20896 26566 34435 1375 3193 38527 18316 35485 
44198 1251 1407 3137 24735 
44198 41611 26581 26566 12026 30203 20656 3068 26208 27920 38527 18316 35485 
23238 
42763 12026 34801 35485 44198 1251 1848 24586 2572 10824 38527 18316 35485 
23238 
38280 25641 33624 44198 3015 42763 34093 25202 38527 40459 
520 2543 3314 3383 811 1004 8594 44198 43120 19522 38527 35485 
44198 1375 1521 26620 38527 18316 35485 
44198 17095 31085 44139 38527 18316 35485 
35485 44198 7931 28421 18608 24075 38527 35485 
46032 596 35485 35170 3083 17155 38527 35485 
33624 44198 3015 8594 15285 43120 24483 35170 3083 38527 35485 
21413 3302 34742 44198 19612 3302 2913 38208 30559 38527 41840 
44198 855 12928 24628 
8594 12026 32420 17095 10661 35485 44198 23740 38527 18316 926 4538 2841 1257 
33624 44198 3015 2717 1923 37941 671 2273 18316 38527 35485 
15285 36462 2841 1135 
21413 807 1496 1252 699 2788 745 33852 33624 44198 38527 34616 
8146 2279 3317 
33624 35485 44198 26043 24817 3015 8594 12026 32903 7162 38527 34616 
44007 1659 20141 43120 33624 35485 44198 38527 38928 
33624 2997 16987 2284 44198 3015 8594 15285 43120 596 2260 32896 38527 34616 
24733 33624 44198 43120 7574 38527 43590 
13003 15401 37941 2345 33624 44198 26043 24817 38527 13003 
18316 2345 1659 624 33624 35485 44198 30600 2000 889 26566 1375 38527 30628 
35721 28539 24022 24136 18790 13003 26253 7597 732 8362 38527 13003 22071 17998 1407 2986 
