40889
44022
10092
2471
9800
9561
38208
32528
3015
16920
16271
10528
28193
16868
2572
11437
33886
1200
13812
17231
3153
2710
2903
16972
2718
43444
38478
2913
508
32035
46265
744
3455
1838
1944
612
3025
13674
36506
21387
28516
13247
713
26416
25634
3429
1715
8775
30081
709
24435
596
13703
25312
18366
13894
1330
18318
3082
30267
24041
3043
1259
40526
35251
16276
44870
29696
18412
24040
30165
25958
17428
1730
28654
1190
16970
31677
653
657
17998
1788
24115
22771
1004
1985
10097
23542
31308
21413
14124
47818
30055
23840
13482
732
1999
3068
24857
37150
36138
1521
43965
19233
9902
34332
27536
12739
33034
16519
2997
2875
1615
46922
12928
44782
27506
3413
25607
24560
35916
2345
3302
597
20818
2500
25694
1949
34802
15820
48825
2690
2625
31446
24488
15544
9092
1269
23873
42150
26014
16684
15648
13589
3383
34828
38480
19172
14205
32491
8994
1555
8805
12385
19450
32185
861
1036
3596
3020
1745
572
7680
795
29222
32448
18363
21442
20773
457
16444
24271
11852
7937
37176
1416
1157
29734
34033
34796
1747
29730
29525
23059
38880
18088
24733
16743
30002
8896
42072
30258
15653
15000
9060
26088
25492
33676
35244
42763
38280
8418
1155
24685
23142
7448
16506
18345
36248
27799
25079
8223
25722
23075
25166
2299
30073
18016
25159
855
27768
2309
876
8866
2508
31225
3175
2587
11858
10609
13253
8007
32861
34364
7612
8169
35216
2872
5172
42472
3844
3835
336
2800
7931
926
3103
31704
24188
29953
50090
30066
1604
33687
3318
20219
1374
41151
24310
28952
27976
18375
22534
341
2505
24719
10900
8727
8918
39538
1583
2584
44400
44874
668
24118
3277
14146
2921
16904
29602
20800
3460
742
3301
3073
1974
2428
39009
37042
22185
24818
11054
2715
38721
644
35656
9785
29623
18484
14025
24495
9781
27732
16983
8362
10022
17430
8768
961
11070
24830
19572
27646
3445
10006
29825
31012
50688
43823
7892
47712
42704
48486
28381
13434
32518
28047
2878
9620
42680
40740
16747
9608
42592
12574
10369
29762
491
19464
30802
479
2890
1078
1313
39238
34703
7548
24311
28946
1490
1678
34572
1265
40459
11034
28325
31036
18316
3028
2714
31591
8594
20656
28966
2133
29632
39301
23803
2033
29992
30628
9242
2938
26699
2000
34834
18132
14893
2220
3194
27414
1091
10217
36767
629
2475
35443
42655
40819
2280
455
36037
3478
333
41389
1099
8891
30611
1407
3401
13963
15357
8525
40004
15656
35190
16234
26155
8976
18500
31457
9652
16461
18174
3196
31424
892
9209
12578
670
1345
18395
991
28638
16907
23145
34179
19183
12085
14591
8989
3007
379
1068
886
30871
27905
2266
7807
20306
973
43644
28329
32810
28185
31817
19605
22361
18347
18663
32903
14605
21109
30284
31209
3298
2821
9999
50276
31582
19612
26810
10134
32031
16508
17449
1803
2559
2644
26177
32619
15729
13109
27647
25995
25944
7570
17415
19587
24546
31602
9981
38486
13652
31297
2915
623
26134
36532
8961
41503
28069
25404
739
10340
17167
14457
16678
36192
1963
30331
3367
1077
15349
22259
31428
20364
2257
47161
29200
2827
44448
1024
22077
40759
2989
16590
19772
13003
26355
46528
35179
2237
44610
13332
1282
1837
50850
2421
40129
9504
554
1334
34771
33749
17257
9633
24960
1542
9507
34650
36512
27946
39098
14327
31930
23527
38205
25800
29435
2156
35209
43689
35485
24022
30600
43996
9423
41611
2914
9098
24586
23919
3237
34435
24702
3070
3981
2085
2722
18014
2704
1391
1464
18499
23976
40761
1799
3437
19773
29437
2396
1278
16231
2273
40530
2521
2871
31935
26011
32952
39071
39449
2619
1375
2148
31412
17459
11047
29533
18759
27920
10477
14177
44394
11408
8217
27924
14636
45978
27613
29686
12325
13320
1732
36431
37234
414
35066
2737
2055
1109
36669
662
1304
2542
2482
35424
2231
14970
14452
8694
19604
25852
13182
34363
8892
12320
18828
35738
42471
48604
36094
9241
12685
23526
28226
7469
23926
13502
32907
18176
17067
8946
13877
13023
2646
887
14645
4332
38481
48863
50081
16665
26147
2300
1738
39857
33324
32028
25371
7517
27774
21802
32398
34234
12335
22586
44194
40367
443
32478
14172
46629
1129
3721
1551
2857
35042
8728
8215
14642
19351
2803
3100
44466
35669
906
8963
20537
8962
33613
18352
28488
10853
12955
20568
20254
1098
2091
1003
37852
953
2057
24002
16045
44768
1252
16875
19718
4165
3483
3037
2079
4583
1257
42052
870
28534
21139
15655
44036
9793
42450
417
44880
44118
31622
28628
20498
2114
3976
451
12292
35287
24806
27957
16792
17188
8211
9545
2713
24831
1424
22629
35822
2291
34698
8831
33744
24062
2620
15742
2452
27291
34761
2999
15033
2045
1520
22631
28270
22656
15327
31632
10705
14134
16464
9660
19971
8813
11699
38054
10640
49857
28536
15025
37742
28361
32188
9159
43624
2163
3017
14216
43235
25245
38154
49053
23390
764
2865
25467
10817
7878
23136
24966
37516
37340
28957
18526
31586
14683
25402
29771
28298
34445
18222
21642
28073
42142
3183
12419
15128
29651
37191
15127
2503
39227
41395
15348
36652
22278
21478
19452
1086
33247
12133
18175
16844
21739
33828
37223
651
2408
28342
23706
25050
16090
44343
27885
38483
21818
23740
42282
49637
46608
28482
10354
14787
510
29835
33876
13026
28068
17592
1435
13353
41840
8107
16244
24583
31962
2777
27967
958
2491
1226
23977
17246
50059
38361
11787
8092
39173
1290
38157
2450
1882
3567
25460
9567
33711
29065
24542
16716
14185
29055
31011
25878
28244
29636
8401
37897
31303
34770
16145
20535
25791
33792
17275
27628
27123
24647
10087
3462
36199
26763
18396
8146
8439
7443
33750
12134
14628
19140
32874
33328
23992
31792
9556
12399
8363
28430
25296
15427
3436
9914
23944
1448
20392
20137
34616
2571
456
15045
864
29861
12410
34552
18107
16627
30272
2356
1261
332
15156
28710
29931
41323
39583
14117
2424
889
20155
20159
2611
3122
1298
14696
7535
2817
17769
840
853
17223
36194
35199
43990
22071
15924
39153
27797
9148
11993
47374
10460
12400
36741
44929
16612
14429
3204
835
26263
1864
29111
32053
2656
25375
10702
31534
36937
3107
19595
2028
1401
1153
31581
16975
1167
20296
21708
37834
19789
33922
44512
1765
1682
2017
19348
24496
10333
16739
20769
33870
10089
14572
18642
20483
15512
24458
2171
20762
3293
16974
2535
9024
18329
28932
27958
9244
7546
7727
2288
18384
43557
1358
23615
26261
24921
15547
35796
22462
26767
44304
8221
1285
1742
18598
29146
1659
12403
12626
3500
1757
39132
1691
43129
1875
2184
2024
1246
14097
14128
17639
20697
32913
13587
41536
16051
10907
27772
14122
35944
16677
821
3738
6749
39325
44694
36763
29236
31268
41710
40431
10457
2312
26166
16733
27896
2226
30968
699
12397
21040
1728
43120
2801
30997
24888
25508
35212
11036
24290
20157
30641
424
35249
35915
24872
10474
2480
25003
23467
978
42429
14353
16591
1433
8417
7764
14505
25804
27960
44050
28795
8853
31453
20010
11834
15008
34197
11041
28365
965
3142
9079
17442
49727
14210
21420
19153
35267
14626
30961
37725
3449
21915
13966
38360
626
466
1790
8202
1602
2568
5801
7441
983
23695
27441
12665
34316
20754
27916
34766
31265
16852
13149
34045
13054
21503
23931
36123
472
186
11045
476
32445
13095
36291
32838
15418
43233
19673
7970
1955
23771
8999
24519
19483
27795
25959
29978
35824
23653
34501
30574
40915
22435
25960
15411
1722
615
1154
2115
30613
15654
10984
2338
13462
26463
23677
20004
13065
13581
3502
754
29860
19486
11844
23676
3463
8726
14407
22214
20556
15284
3035
40643
8998
48279
9994
16172
43612
33852
1135
43060
31436
16732
17429
12282
17617
30133
26003
25385
20767
13796
2537
2837
12660
43768
20807
24875
11392
17290
20941
2507
2451
33879
9580
16836
20787
37900
29942
19573
505
1917
3120
343
40863
29928
28525
3074
11039
26594
1062
7574
19504
37393
33624
24889
18349
18790
11107
15386
2847
3328
8139
33113
1054
20810
8535
8227
2343
1165
1305
2771
18261
360
22211
908
1289
15185
1127
1456
24249
14888
44517
26317
1459
2515
17090
530
31787
362
2570
50222
36547
35993
25915
27977
24864
25794
1463
2335
2786
31892
29154
20775
29834
19005
9211
35548
18263
17348
7597
27087
469
11048
582
20936
7552
1007
14919
1829
1404
2222
8473
8895
12401
2958
38044
23916
29403
3928
39560
3926
1926
1897
38505
3392
1741
39579
35560
38180
27320
34939
41135
25925
19497
21777
19567
7771
26170
17124
37336
2251
2359
25766
18380
7551
839
2397
2131
18571
28661
20141
40718
29983
24337
18595
9876
369
29220
42588
26585
43645
15605
2859
24467
31416
14461
16718
12111
25374
12344
340
19471
25379
2955
35961
28660
1337
938
3012
7700
1237
2446
1248
2653
30932
12507
30098
17572
7722
368
34395
43212
1816
1380
13301
15217
8234
8255
32678
8240
1547
2019
1809
3195
24459
23361
16357
9898
34760
1262
28142
39588
28045
12252
50354
10752
22565
464
16789
25141
35440
44998
34352
25139
25590
16906
32882
28039
809
34183
15891
31929
9673
16735
7510
24756
24628
10479
24554
34516
28006
28035
38925
8691
3356
9776
23927
29759
44053
13910
36390
34975
7547
12021
33839
7971
8887
44906
49623
33915
20367
1258
23981
45968
40062
25200
15293
22228
25891
39305
23991
14395
29023
16545
46206
18092
30788
37758
35940
25198
524
3067
7791
26492
32193
20539
11402
38668
27636
7673
36467
16587
32480
1906
1143
3045
32703
27372
25714
3481
2905
25627
35609
16565
13105
22666
34855
13747
36349
25454
33192
3837
12395
1580
2561
7874
14445
10654
25737
33692
39059
7488
2764
2432
2972
1574
13678
31839
26228
24154
25644
23520
897
27571
14351
28871
19359
19127
15690
20162
23728
9062
37231
19552
21662
8241
13905
18720
15332
19448
26435
1888
1826
12248
18582
12494
11726
2567
1868
34773
25705
35523
23606
47145
27113
24499
25985
26174
3578
44225
1136
12749
25741
10798
30580
33732
34365
17221
10538
659
2005
1125
2015
43748
21451
45017
920
2668
1880
23681
9671
34436
2919
16898
9488
30545
32009
1759
48842
24268
1114
2936
5688
23209
798
968
2054
28826
21579
9665
1815
20689
3379
43665
16779
1329
11734
15826
28980
2740
31432
29853
8188
9361
30477
25487
7640
17179
29814
25765
29618
41591
16515
24825
1444
45112
28333
44390
34807
23430
27497
8810
16111
37129
31725
7693
1376
32905
10988
8464
1775
31298
1369
1631
19967
30524
25164
25955
14026
20714
1312
48164
1980
20768
27308
21916
2950
23235
8160
24584
24559
21444
33706
32835
44198
20277
26566
37941
2134
1664
22852
35409
25618
16987
2284
36496
3316
26208
36501
28683
9353
10033
13337
22192
32509
1071
1287
22466
36294
10824
36168
2934
1956
29301
8465
44007
12026
787
5490
3843
3250
36446
11794
1176
26107
31245
23794
14867
9875
432
1037
36829
552
357
42981
2860
34578
21751
1848
1386
3929
349
2996
9553
15096
34612
20268
1618
35576
3442
1060
20896
30323
1735
13283
29738
15689
28181
1528
34099
22581
18742
44073
31262
47196
19271
3022
987
25453
12406
12498
11078
17383
1997
796
2918
1217
2330
2944
33805
37193
35392
32022
10749
15438
32565
35666
34548
2064
9421
29938
32525
7440
23844
35682
20271
9444
7532
7713
10736
1960
2908
38506
1832
2616
19017
24306
16761
31672
22575
682
13254
29628
31592
44801
19033
38522
8132
21814
15858
9066
49561
25129
23675
3280
13778
34542
22997
33568
35729
36776
27207
36195
38135
49959
2269
8960
15339
20069
22430
41297
12628
24725
36247
40137
10742
30859
1085
487
16507
44120
36412
44458
9715
24523
25509
24981
24313
2672
1660
14730
33857
13271
33721
9413
32138
22653
27517
29590
35600
44917
489
25197
43449
15282
27561
14884
2717
33722
13591
31703
35741
8089
24878
2376
14232
34272
36667
33878
47140
28021
3292
31763
3097
15565
7572
31884
19909
33289
28043
7542
22034
13066
42287
29449
20482
19372
30931
22646
48246
19670
28928
21006
2308
34265
24187
30883
25674
12285
30218
10624
1333
43762
25419
36784
33523
12337
22597
12882
33890
8769
15281
25697
44114
45111
26273
24316
24794
28022
9207
25251
7630
14982
34933
1773
1250
32906
9613
1308
8288
19692
33447
13474
2533
40948
18379
25624
37899
16901
24261
392
1396
29817
27791
17440
33144
42834
2540
688
41969
9778
31326
11727
43226
44582
18718
33788
33787
9199
9449
31098
19768
14467
12878
31480
27440
15012
35484
7581
28421
19601
14547
25311
624
32539
25134
15903
48380
39306
27401
26516
31474
330
20059
8710
39191
2940
28852
17435
1535
28461
9919
42579
13322
8426
18225
21906
10968
46196
10379
41577
12646
25150
31085
38479
14693
15363
35654
844
22880
4269
31042
3274
14166
13058
34742
7588
11579
13706
23914
17902
11328
31609
47292
7499
44237
1500
1548
29122
50836
34677
46835
14009
34747
17446
15555
2746
23988
1296
36646
2552
8797
44615
36961
38383
41170
41764
13499
21302
15625
27352
40635
7709
18391
8790
23870
35676
18818
19636
10789
34670
27917
24674
18894
13629
17554
30380
46741
40826
27568
39279
20281
21929
15382
15981
28319
24983
18623
1045
25132
3050
1405
24811
7550
37736
8868
37157
45813
25481
21192
15136
25130
32520
11976
40346
1152
32896
2275
10504
32033
10951
36863
45862
37953
24222
51235
38734
9283
37224
30059
23709
22738
38926
51171
13077
35663
1022
36271
21429
8067
22389
31578
28439
1096
877
8978
42254
24720
7860
2427
3057
14624
21110
37776
23626
44457
26010
21124
1929
1474
15716
22292
19138
2645
24829
10997
17239
44024
36165
18651
13116
42234
30457
28451
34743
10386
16781
46448
31440
11952
7689
32542
22637
25917
26212
11033
15952
2965
30554
33386
1207
22727
2770
9581
39880
18520
32818
16705
21115
25916
1394
13191
24623
35728
24803
19091
33272
44652
22571
36902
3890
29145
1239
37825
1860
27633
16220
541
1869
13217
331
2065
8407
19721
22099
3063
11855
792
16985
32563
22525
31851
26445
3185
2580
1842
1437
17951
28819
7820
22833
28810
34859
16050
23228
12334
38934
41712
11659
18608
2964
23979
30564
413
25457
43597
10336
35567
24525
17535
45852
23410
25368
16701
1088
3047
17410
3061
405
10915
47041
28940
43149
31390
2145
44321
18668
26841
17030
35494
23845
8808
33608
2683
2387
8392
2705
3072
24453
124
50249
33720
44746
41442
34301
21405
35938
16699
38691
22188
17362
34269
33024
29779
716
38742
23834
605
1709
14845
16317
45033
45021
45028
14059
42092
43559
22566
34120
26537
23440
27466
34138
8845
38062
28727
2429
24354
23241
40183
1591
18181
28459
25724
14364
2797
34513
19276
43018
18640
33874
979
32164
33912
33754
3300
39804
18641
2498
33740
30767
27191
9574
12037
2214
811
32836
7887
34037
17426
16980
11975
1507
41285
13160
41164
27663
3284
23473
29689
31000
41637
22156
29047
19247
490
2439
25293
16542
12870
20599
17791
45039
2349
10613
3528
32526
40589
39321
30310
33337
35146
47937
573
36544
21608
23124
1873
2034
24882
34959
26151
23218
34206
30301
24883
2378
23774
25143
16011
12009
26602
39663
465
22081
48003
690
1175
24043
26509
28367
2866
33293
41466
347
40905
14095
29432
23436
2594
2855
401
26160
32987
19417
24837
3148
16657
38458
884
3235
9908
18296
23496
17045
7935
10989
12451
32451
46772
1442
1145
35304
31821
32640
12619
7145
31664
24434
7655
33810
34635
3492
34741
13826
28539
33567
17750
11144
35296
988
1438
12959
4143
29013
18328
37350
27740
15345
33105
36151
36906
2589
1943
3325
41508
21502
8792
3054
2532
8870
3075
1806
23412
2750
13306
21130
3111
2232
40083
3286
578
763
12084
1241
34643
37316
23229
854
30312
2150
3387
24971
19761
348
3029
575
31226
36921
2655
3447
2748
24788
47269
20651
8979
1878
42079
2651
32844
444
27530
29523
35843
22649
31276
2831
4087
20594
7521
11489
32825
707
40502
1182
2495
22642
34203
31585
40482
1948
7950
28032
26125
21068
21829
33719
40567
2188
8824
33227
28528
15396
15539
3640
3104
1185
22752
15400
30452
1253
30696
47052
34333
10081
7866
24675
16604
18587
8638
2763
1794
32082
39577
50142
17259
740
15951
23433
25883
32115
10481
42861
8889
33242
1210
21685
24288
33760
33434
2951
2036
2836
9464
11639
12407
2180
703
11845
15945
32692
3311
37438
10943
35650
37997
12160
12883
13980
2933
10944
12178
1344
2977
13099
24267
12298
42516
18583
22592
25243
42618
2680
1023
9471
22455
1072
28757
45245
8712
865
7949
21108
3727
2769
20826
12623
32331
27437
26455
9229
12405
32011
12620
28229
32812
24510
30839
9036
23678
32771
14751
12408
13880
31778
33176
24425
2238
28208
15546
34174
10329
31264
21072
19501
18613
11707
14881
10955
10503
9245
3530
2512
3176
30297
32824
17744
27863
26692
26693
19794
680
10946
16644
19842
26210
37087
1206
3344
38357
40944
1914
351
684
40725
38359
11486
3009
30557
11629
32128
15616
39572
7802
31408
38439
8647
44560
10181
33841
34283
15723
23088
24730
9350
18485
14504
21200
1656
1550
22461
35839
7549
20985
7161
23908
24711
33925
14450
18451
18371
13069
19126
13219
8258
31744
2297
50171
1134
23934
25464
36086
3477
1403
44707
13726
20284
26161
27964
20258
2809
33984
34898
24915
44357
39902
33134
35353
12268
16261
20253
5163
3431
22423
27954
8229
26253
45830
18657
10198
47030
22467
28146
24795
35912
19693
31359
25250
21332
10270
12951
50205
18528
21210
39643
24072
33702
44093
20259
2517
19303
28278
8086
36213
25228
16013
28198
10355
23670
26596
9651
19194
48295
15140
29395
10905
19689
42319
1565
3314
4072
34667
14348
411
1038
2089
996
1760
32931
24054
33905
16864
18495
17952
1323
1684
2144
43981
19118
23392
569
2393
1294
38831
32928
17498
3400
34628
11685
30843
45819
20757
35645
36739
7578
23733
1264
2255
8674
18390
31459
3221
17457
17694
23557
20142
7740
33547
737
30246
31777
22478
47203
14120
534
18402
22075
22106
41571
19012
24611
18533
19584
39719
47822
17292
23860
0
28213
50117
9858
41888
12034
31178
24770
1560
17051
7875
39658
727
10100
30227
29223
14447
22190
26920
31949
50092
9143
17018
25666
3154
31942
1653
37112
27612
50242
17467
42656
18045
12129
34236
30199
41961
35908
32079
44911
25974
18287
40134
31754
971
47744
46836
39488
22994
29367
24792
25775
24959
28279
3324
50046
50053
16796
49648
15912
8857
24147
24622
14112
8284
15823
45952
15899
24993
18586
28330
15343
36938
24706
27503
2388
32065
34382
627
38514
1159
15596
6233
47466
2433
17532
41320
34295
26103
49951
44054
30988
9174
36142
17726
501
850
2924
2123
1277
17803
43935
37045
15795
26580
16031
19324
30203
48399
1584
30551
34171
14354
24224
376
38988
10376
2078
19782
477
2191
574
2382
19896
20331
19801
5878
46974
30123
35200
17896
44037
3605
49850
12523
38108
16509
44309
34710
12394
14168
14333
17262
42449
726
41397
8869
14441
3139
37543
33230
3064
26880
21481
47698
29626
17395
26046
30004
14935
14006
10099
10178
14530
625
31304
17620
14917
10179
16582
24177
834
2355
20047
30416
4009
11989
34576
31584
1053
17387
1516
28277
31447
19218
34654
30130
25463
42872
29335
49701
12643
23493
14057
25753
10334
10703
19070
15998
24543
9081
33705
1110
21064
3267
35801
35186
16586
31049
33697
2279
34074
39501
23957
29958
8942
17105
11528
27126
35184
8776
12647
10650
28448
8252
11401
27565
23130
24816
8347
33859
18819
17598
24868
7101
36229
3545
780
17012
33620
10727
17571
31631
10845
38535
15401
33213
760
43864
1164
43617
16707
28723
23258
12852
45836
2953
35952
32612
12042
24432
1195
24483
28751
43867
14102
28715
23781
2260
20917
16891
3941
34590
47640
13241
12629
37289
28300
37127
38527
13202
37072
22453
31147
22676
24150
37488
723
25131
35724
21095
41715
36505
34273
32139
29890
45994
16969
12081
16520
36708
3428
8872
42501
16072
35239
15985
34678
9743
36744
27245
11419
3748
2674
45278
9649
12890
8402
37957
2966
2730
20250
9088
8912
17438
22367
42546
28214
21412
19264
8820
22743
34639
13314
10019
16982
26759
16737
20538
32474
1523
7833
24863
9607
43889
22495
16956
27563
18541
44341
48360
10991
8675
37849
21637
23278
9427
8036
29756
3331
23274
42371
28422
30381
23669
23553
22660
38623
48493
33992
44542
1629
3884
23490
7571
15907
13792
32916
21574
36534
38509
2530
2160
39918
32564
32467
1898
41331
44562
14964
16584
23540
27595
48629
34021
28615
16574
20496
1774
2772
3434
2829
42668
9983
27603
42911
30868
34019
10718
641
44674
10168
44790
17284
15991
21909
34901
29177
880
41382
13753
32736
22651
26893
22657
8945
41306
25671
39302
14899
16081
30221
3365
43097
1924
639
14079
440
932
2404
7767
36250
678
1346
3323
11026
2425
28580
45554
24963
31223
24050
10501
25676
11736
16850
8072
40184
25846
43459
15139
36245
3172
30041
28736
50199
9173
28137
29174
23963
40866
415
37594
50300
31636
3394
2008
32401
15432
18572
17893
22853
9373
41814
18600
532
35448
35606
28825
16052
7924
2016
27921
448
2776
31637
32148
4122
616
22432
50088
1101
44630
27746
2536
10757
24782
14798
3426
8844
12044
44566
941
43979
13476
20903
13650
894
3021
18889
12031
9860
28748
41230
735
40008
1033
29641
40468
11164
47723
7723
28994
35208
31122
17204
31886
1188
656
9446
32058
9884
29202
23997
6999
8996
8983
38193
40238
37870
23427
40964
44899
38085
36243
41728
41702
44071
28828
26433
24708
23759
3996
33472
28541
36348
37628
13183
31219
24540
33865
1221
14849
16273
44965
30280
17688
20646
16842
32759
24116
1041
1027
24580
19317
24032
14797
24686
14115
37482
23652
11037
47661
39600
36048
35814
26006
1894
3731
15657
39331
26126
31002
41893
37752
20228
29753
47170
18707
14748
34238
41543
25352
43243
885
8099
11407
34145
10541
8699
2519
33913
23689
9304
2136
25387
44103
24709
11359
21044
9087
17159
17025
15579
44452
10787
29487
30948
16623
11121
30899
32400
14708
12412
44287
1886
35142
39222
44187
3990
33524
16834
45446
32997
23565
391
7760
31124
39441
49314
10028
27648
2409
9238
26726
13415
533
35411
32973
705
29955
11982
34664
41868
3189
1853
29804
15693
22724
11654
30943
9662
1674
23725
28144
36567
7494
20134
12176
25585
43658
41628
16449
27929
7522
13663
24516
3233
40661
1923
2814
24160
26770
22457
1271
35686
42486
21106
26508
16315
21261
1126
24989
13599
30454
22593
3402
25373
44449
35972
31996
49376
22655
28152
40554
19136
25516
27328
34503
2230
3892
1017
10341
11116
11119
35659
15292
5121
8801
1470
3489
48530
37492
24879
8446
38179
30011
30030
44802
37768
44858
15937
31576
8673
29524
1063
20783
26080
9572
18230
43304
10879
11980
24869
38093
17211
24498
16602
27016
39127
47309
19519
2729
35234
33673
28544
9564
10486
2118
1131
2410
44303
35823
21030
2699
24717
13921
16649
847
21161
42772
37522
48963
1484
30830
33858
20513
4037
20832
2980
23522
19518
17327
17400
1693
1537
905
3144
1785
2318
12858
33108
21206
9879
22909
83
48797
20509
1357
20185
42520
2303
22437
35986
1408
28945
10801
15516
8431
36563
1485
11886
704
33909
50858
42104
29398
33357
24011
22858
31401
11742
34751
36036
431
1031
14055
738
33574
3470
1866
13738
13785
45077
47803
18597
35634
37368
25953
1697
282
47557
34271
2499
1478
34483
19590
44741
44586
9169
36016
33513
28394
24446
27129
15338
31076
44415
18382
44020
7607
20432
15244
38028
38848
6707
2848
30064
38510
446
18475
8662
39829
5138
13709
37329
20152
16661
36858
24976
18674
45977
36406
25845
7466
25340
44258
2459
25445
17971
35057
18927
35838
17788
904
20431
3245
2236
29422
1247
40364
27082
25813
41936
17140
32294
8161
10366
46688
17053
8798
15984
25423
36804
10806
40149
17234
32452
14607
16977
26251
4553
33321
36682
17541
512
35571
40303
42502
36249
18133
31615
8282
1266
31801
16720
8302
2113
19334
2912
603
1168
14237
36246
11167
34443
3048
24606
21408
25824
28350
31287
22682
38508
33260
1417
2365
37504
34003
36990
1688
36981
19723
20549
3621
4125
30558
20056
31667
29196
7606
36166
7688
32919
23126
8819
18908
1204
494
26530
3386
1043
24112
8037
24786
23621
35673
44521
1625
3741
9026
28797
36666
1673
18083
13313
631
2678
34396
3879
35598
44418
32081
18095
37207
36069
2175
3388
2876
30852
8865
14246
13528
36778
39982
16912
28696
13465
13672
1019
51176
2664
10493
17439
24862
39595
20073
8158
21578
32606
3439
23752
22923
13828
22484
8909
1230
3336
1030
467
10387
12314
24333
1818
24376
10689
17590
10629
31300
24193
20755
1663
7553
34935
1010
40990
9777
49659
1876
9249
33924
17715
29777
28191
11389
20739
49238
30124
18671
17054
22928
843
12558
32652
23748
11660
18977
42852
20359
12365
15035
50239
42671
29932
2600
32210
3108
4451
38015
15735
20796
10723
2666
17899
36514
960
3285
9339
24307
27790
9658
29981
1978
1900
30447
2282
1686
2952
24633
38613
2734
33908
366
33799
30179
44611
21956
3469
1197
27959
9648
1067
9733
25269
30163
9904
34384
17432
37099
567
33290
1318
42914
1649
14892
1756
43758
9095
2853
44940
35860
10495
10947
3193
22788
26429
24692
31438
1012
44214
10986
378
8697
14985
38546
31206
13416
22181
36108
3902
50856
18519
31025
389
16778
12416
1412
23898
21317
46461
7787
37300
9503
12826
23719
2394
34883
32385
13010
26444
25972
32371
46439
33817
40765
35891
15825
17222
20709
21148
18325
21896
9103
32554
19911
15776
4156
42583
16513
31329
29315
10507
27491
46012
30646
15642
33785
24472
37528
31580
20888
37230
26449
17185
14604
39727
21946
34278
8690
21005
34665
9369
29392
29599
13613
17674
22854
47815
24034
43659
10684
9000
5476
22572
31991
44788
9453
8874
37136
42246
7683
18665
13144
38308
16658
13129
36380
23847
1527
19571
24046
17993
31907
41869
34929
31708
2108
19311
25148
19770
3438
8422
20687
49602
44032
18440
43295
4917
35218
13436
15318
32407
25731
3199
11731
23529
14093
2195
25774
24506
13266
11723
50114
2696
2864
26635
21571
15397
33170
15325
24485
43662
41168
18319
25815
3198
44049
14786
34208
34176
33154
3507
3540
1238
24536
41176
32339
17344
14832
38415
23691
13925
10076
14839
36072
20710
30572
23588
17867
19774
32832
17161
44463
35321
620
22239
29357
8003
9798
3214
3971
16671
21952
9460
9146
3498
2520
15832
16006
1255
3255
43389
14365
33892
39738
3170
41349
29425
36407
416
8964
28155
42295
29859
30307
21329
3347
1128
31629
28417
26005
18909
13114
35332
44784
13592
35313
517
1274
1172
19090
36670
37772
42483
33777
19040
21245
24287
35130
41226
41374
24629
9374
13251
4195
31420
2751
9372
36178
47702
44627
43751
22716
37177
15285
41213
48803
26665
11964
396
46042
15242
39157
11608
519
14968
13216
40143
18141
17424
21969
23663
27913
13646
35966
21669
34376
2954
609
20456
38370
16979
16764
12566
9712
23983
2454
12199
18493
16978
26043
30950
13490
1546
8061
23517
3001
10598
13637
45374
482
17575
37841
1506
9234
24206
47004
15106
959
2174
44485
22104
3419
10567
34599
14224
15227
13375
18227
49499
40710
13789
9721
16820
39917
38528
34624
19156
14169
14170
11191
11192
15022
23857
20146
3615
24688
42403
31820
9784
12196
23825
27472
1082
21668
14108
1061
33589
11884
13693
32075
44195
27875
35770
21927
35425
992
8693
29964
42073
37625
10956
1002
28309
7922
40146
43983
34299
11177
15830
7871
44783
17166
43168
34309
8191
23062
16802
32607
19505
30277
8959
20632
37762
25230
25797
36289
23285
34304
26141
7846
27197
15854
17289
19574
26130
30704
27202
7384
20641
1589
1896
353
19228
40063
18624
48728
28274
28934
19541
26970
2641
12072
9626
19132
13151
31555
36542
8085
20480
17587
15545
15304
43520
19918
22681
36633
23414
44941
45855
338
10901
873
11022
48718
24838
9137
23079
12254
43288
49677
9070
39502
516
31597
5988
20481
27736
33002
26819
35655
10777
43747
50094
31471
833
29153
24120
44130
19030
33372
43652
21212
36157
2889
36053
11853
39892
1194
44249
9027
9114
36263
3118
32900
30038
10639
26167
29045
41841
7703
23729
33863
16803
3891
2245
14198
14861
39752
20238
32821
34782
37349
21129
2086
47875
3451
19432
7609
25776
27981
2807
34831
9208
23537
47383
25403
25839
15798
39530
15643
41029
2246
12909
2247
3263
18331
22747
31484
40763
45168
44543
37472
34614
24013
25283
18535
30295
20184
1179
24350
13173
8073
484
10719
17741
50896
9894
2909
41266
48830
8394
837
998
30464
32722
9911
33738
783
20127
2973
19176
40821
21058
35559
11100
44299
30330
13325
2302
36257
19117
46382
40745
21145
1624
19511
30762
17728
350
8967
43161
44757
50852
499
29577
32773
29806
20314
3140
3839
44197
50867
40756
26206
30891
36770
13478
12057
26980
44004
21219
43158
16731
30565
25274
8063
28880
34759
8828
25327
32479
34980
14468
2155
18550
29662
33764
33997
1032
23852
10320
10983
25740
19614
32153
38985
23743
44806
11714
16759
45724
1544
32580
19241
30308
21425
25838
28044
21432
43582
8500
14340
17586
34113
38810
46203
8747
45258
17227
23442
10553
37460
32038
33103
31893
51170
25517
18204
44519
49505
20053
33934
34520
44188
11418
28220
19376
17110
1661
2778
1451
1326
1025
20334
20322
8119
40764
31397
8701
10688
2576
29565
15617
24587
36025
32444
19715
37970
3518
21251
13842
15222
7868
30984
3230
4328
35981
20007
955
1466
4253
35872
12962
2697
4100
617
22276
45635
17191
48807
26461
8246
827
1483
20396
29428
12844
30674
1753
19864
33479
35811
16327
9250
27914
14945
41983
4676
1877
27199
3403
11362
20618
18385
36458
2986
33784
1351
19603
28042
26245
21197
2681
17853
18882
4257
2403
730
30916
13951
33323
25603
17272
19152
43128
34439
10372
9625
27189
19212
11185
22844
27104
35779
32052
24312
3137
43607
14777
17183
3952
18069
28251
25383
39653
17609
8953
18615
23528
45029
2758
29657
27276
34769
1902
33885
22137
32545
3044
38313
1950
16615
10992
28651
31865
1475
50587
1083
3444
8261
35398
30663
3146
2839
37295
23459
8035
8825
12080
9670
3299
33716
30085
3337
802
32585
33297
36590
39445
43119
19355
19302
3490
9915
16839
19484
8150
40291
15691
17756
2597
520
14063
15249
19008
1792
1768
24881
9856
9116
19304
48720
33185
28904
31430
31625
30089
25377
31299
21010
19023
19993
15526
823
42262
35547
14178
32456
4059
2614
32453
16372
22975
3405
30048
34786
38423
49833
3346
7879
28273
32979
21809
13682
10948
2170
1964
13052
36342
13946
8924
44559
29053
10551
44240
38055
43866
22573
34840
964
14733
11420
38466
7885
20596
1847
28878
1641
29648
31680
25709
26797
46068
44293
42470
26615
27901
23351
49660
7479
20638
2250
29987
7865
15515
32946
1959
672
15102
41399
23113
12103
29175
38473
10384
24885
35462
40455
13876
37345
23600
33298
33742
31595
12875
18652
19431
41573
14284
38698
15409
29494
17273
28841
38353
38787
29569
40032
19942
42038
21422
29971
31749
5063
36927
38786
1939
17685
21667
23952
3134
40766
23480
26056
50023
1979
1758
761
11183
36176
29189
14942
17816
43796
20117
33853
2929
21910
2447
18365
34545
39068
35154
19593
44012
35712
9367
12641
23864
21327
39585
43966
1058
14272
11053
22194
11098
26379
23530
2130
16478
18876
23214
33389
16435
21671
30853
27102
23616
35589
17335
25521
3847
28626
14929
1243
2445
2701
8816
5263
1443
2810
36764
1498
19079
1044
24880
2534
3441
23799
33625
18334
3334
12083
8716
820
25219
47838
16857
30586
32712
1084
936
20915
8501
25101
649
2274
1761
34768
3480
8481
28555
16400
7432
40148
37116
17653
8906
30151
35851
32829
36681
43556
44207
1887
36615
36170
40497
23515
30149
15718
3213
2485
36658
15138
1141
17329
30476
30238
33330
44128
29668
31227
46144
41088
8123
29857
2223
11733
42783
45004
18804
37105
43105
36709
42308
33338
10769
33861
43844
49084
26828
49718
50121
47382
44613
39300
14906
25836
36742
13153
17144
1916
947
36865
21001
50893
661
7987
34098
32282
36552
3343
46966
11172
16968
1205
2198
13780
2386
31080
28837
37505
23636
40686
8082
12931
37774
16553
48808
46711
22750
47957
45601
13608
13345
11176
49995
12071
8642
42506
8812
42263
12351
621
28551
41354
22134
42077
45052
27282
25893
19833
44743
43618
20347
40094
25505
47544
13197
15930
25102
28508
8990
35805
26756
23596
9348
18343
30164
32595
37068
44129
49856
21612
29813
12524
49784
35979
8293
23409
18094
22131
40003
31239
22315
3398
33846
32506
50042
12347
32576
8639
940
759
531
28427
27625
36621
1711
646
669
3886
26086
1430
1636
42653
30825
8143
34546
10687
49093
15122
39265
23131
30241
38469
28535
24073
24819
36589
22720
3265
24015
43938
10597
28483
32057
3083
33369
2970
15197
16598
49252
45467
36592
19628
8933
10261
25491
29383
25220
18410
49020
37039
551
32199
36561
4083
44381
8354
30665
23547
35351
16517
46108
48736
8709
29894
39749
24998
23297
33584
13634
24475
20252
3686
2162
2321
1983
18532
31166
49890
37093
2628
635
46958
15142
25239
25089
3014
3352
34025
22984
8327
9835
27068
36049
37037
430
2922
41683
41572
15913
12342
34468
8708
12345
43994
3273
1229
44796
1163
11194
2066
20991
8635
9313
10671
3751
1118
26490
35708
30186
18342
15137
35188
40611
13808
29568
44416
19009
30485
31711
7870
9164
16728
17697
35538
35582
19209
36701
8395
24500
28321
11678
4171
27455
3205
50127
15943
3329
35854
11111
1301
24918
11104
2832
21638
32532
40610
21242
8008
21619
1525
38762
11890
20462
32152
32650
1193
1462
40125
24840
18723
22995
26910
21246
17704
14814
33378
9896
1526
49935
10558
15520
19300
27454
9192
32458
8995
29934
11990
8958
12353
10582
2985
1272
10296
9867
18551
23066
2557
15043
31993
521
47503
21856
33866
22932
24053
1102
3800
1366
49060
43975
44492
16989
18333
9498
8385
27034
26732
8199
20575
47622
2022
1701
1227
50227
24466
41248
45030
1598
2281
3287
2627
425
2852
19788
2423
40195
37056
37298
14622
40906
9614
13115
3147
23431
3319
1104
8449
24638
13328
46151
46143
42407
9705
27255
29092
14877
24867
21067
42670
34374
38773
22647
19994
2658
1445
7582
44236
4184
9995
38664
23205
24044
28943
49169
38895
36018
1539
28976
4081
19145
46550
50174
12753
35583
17934
32121
37331
1215
31683
20791
15679
21564
46546
29943
44869
3212
38270
2470
29681
40027
39751
28371
23999
31129
34851
12263
47649
7463
36272
982
1299
18373
26309
17667
4251
14394
13339
29469
43633
881
31231
48197
7489
36293
19393
40818
22424
32921
3295
17057
2430
33949
11031
745
37321
38362
1477
28464
36791
2117
20188
2916
9301
2490
23718
15675
27909
34495
666
3959
36471
4185
16695
38192
1874
32621
47085
16729
10605
893
15560
46814
1912
2270
32749
11393
32468
30296
31367
42033
42043
39500
17691
42862
26696
37334
23081
46607
32638
2957
27771
50250
30321
22865
8649
4107
18813
31473
37325
2607
48935
4238
16477
22147
13174
45990
16488
12368
9067
33532
15895
33776
27462
37187
12058
12297
7934
42982
11050
492
734
15426
26175
27376
21633
2812
29218
40644
41263
221
22648
29901
25462
30687
7864
20546
7538
37500
33228
33169
26391
12734
2448
12590
24842
15188
7460
12501
21085
43406
14633
34474
31878
7452
34184
23340
18367
15557
9100
33809
28052
9717
22136
22770
18831
30439
35584
17326
16323
19353
41997
32604
49599
15207
26358
19863
13244
31173
9950
32839
21828
2870
18964
30137
33244
12581
18971
28860
9820
16973
9852
20743
12457
19667
18564
25355
30294
10633
22438
35545
7809
28921
24464
28926
30638
36704
39343
10356
20648
33193
46865
20809
27342
7816
671
29896
23334
27219
13938
15287
14702
11684
23785
21553
33538
20387
1928
39274
20333
27699
24997
35532
30593
10679
20813
33880
25326
19410
28173
11738
28653
3404
3236
18196
20967
34726
28800
7772
16651
21160
11381
40300
32223
22187
40299
24781
36318
48032
37210
16454
12165
28859
18357
34539
2442
37346
32006
502
15399
16827
22746
3339
16849
17226
38785
28815
7596
17824
17176
33257
29037
13298
33441
42291
11977
37707
43989
45046
24808
8112
2560
35696
1461
13739
21304
9714
21747
19192
19631
16700
18589
28722
17559
1936
37114
25088
44503
34387
41488
23574
34094
42651
40558
33919
8436
807
19147
33366
15289
42815
4276
44595
33811
16331
15297
29198
27788
31024
33834
18400
38118
34093
26687
40429
10543
868
2234
11160
7692
17037
14647
25869
44426
20262
14162
2648
42586
2652
19306
37955
29535
38987
20061
24068
29482
42657
45941
41409
4220
1050
15340
17690
43045
48432
9415
2218
11120
23876
14940
9458
4291
14813
36224
18672
27433
44893
17414
2497
35660
1736
8445
37958
49949
14788
16924
35932
31045
18838
25840
8804
44948
45719
50170
985
44529
39525
15684
11674
12469
36825
27609
43347
23928
32465
18409
22140
30975
3899
9151
7430
20270
38914
781
13562
13551
12821
9948
20629
32056
21207
1307
1015
27411
44379
24429
8738
28566
9930
19018
33927
20664
31399
21892
31999
1260
1142
35859
25304
30372
25346
4268
30266
40637
41268
14069
35102
21606
26939
35825
41199
2670
25523
45808
18112
13805
44943
8040
7638
30553
25744
34158
32594
30559
43280
8459
27421
21156
28412
26663
27514
36962
35515
923
1961
33897
34690
36977
1191
10607
32637
17918
34752
15044
1488
25001
33914
32535
18728
44362
30695
50155
12028
24703
7708
22740
29033
12986
31612
38573
33632
3089
11354
1954
44852
18581
20905
39753
28807
23220
19963
32194
8131
34369
41155
14617
32083
31104
41522
25588
33093
17832
40348
966
1021
34638
687
18675
43822
3315
20716
16662
10739
48852
11871
32546
32701
27071
4158
23516
12692
17347
4348
46594
2158
14728
31337
44505
34147
27444
34863
2120
22275
33545
24936
2380
1578
35849
10713
41048
9176
14213
26919
20524
2235
25745
17799
39773
43063
33893
22983
25075
3036
8424
20204
14666
951
32809
30175
16381
20715
11687
27463
31034
1119
33696
47967
24114
459
9732
29283
13563
17098
29866
13994
11553
10932
7461
27569
40111
18843
3135
23370
41166
28742
17394
30949
18114
12545
32296
18774
13076
28346
9766
1347
15570
11539
9303
32310
1051
25833
46659
8894
27577
9779
40400
19360
32745
13189
46166
8250
16101
16588
17297
24055
17340
2626
1292
45478
38992
30690
24085
19013
2453
9584
43835
16698
40951
17581
24063
15667
15668
24341
20158
38194
24172
44307
17706
27108
25601
24174
41808
30415
36537
2002
1469
21217
28460
43784
25482
32566
2167
28202
28316
16851
22410
11181
13018
9058
14217
23380
12791
17286
19299
2221
34441
10035
25907
12180
49778
12077
14747
20989
710
20154
3725
468
30326
37578
38927
23713
12002
21213
3192
2289
42237
46449
4118
35148
42123
36553
16452
43789
24807
30807
28334
18430
32727
15940
4064
3223
14085
19859
38487
25757
3232
1787
25632
1092
1654
27869
1795
1575
4341
11767
23434
8655
22040
18372
1770
28764
45491
33748
19169
2069
14725
27480
23125
26838
18662
34444
23344
33626
28071
774
712
23089
47865
2025
17654
16909
10740
26925
8485
34894
21830
2976
2012
2219
7988
398
8833
35643
26280
30904
426
8487
26475
12914
22023
29129
20681
175
41748
22612
18494
12893
3363
2083
1395
28318
13787
41631
36026
33070
26701
36575
3261
19521
26912
31716
38167
27033
772
999
2788
11623
7264
32429
1904
373
1360
21133
11638
35487
2726
891
22710
50219
500
3174
23050
49961
50188
47533
32956
41458
36330
21893
29985
7216
34207
8140
37320
529
10614
22882
1251
22873
38039
13564
23521
10490
1502
2032
22768
27631
12075
16301
29600
27347
21388
47372
19747
28591
899
23790
27833
31876
2949
13756
7757
24080
8719
15143
13531
10321
44685
804
17293
1821
3655
3740
14472
9102
40138
30563
25027
10945
29224
995
1472
43345
24723
33286
36398
24970
48934
31159
42606
20072
3342
2662
32558
2001
30714
14236
29929
16603
36074
8216
44266
10084
37333
4188
26064
37225
22289
44430
10957
44444
44431
19230
18501
28711
12921
14704
23379
1280
31338
16523
11712
32909
21123
2368
4086
32195
20404
35722
40232
49797
44163
28336
36268
22568
5056
26142
27254
44134
14423
31086
25386
15119
1972
29018
26772
9075
26017
1353
13514
17285
18401
42999
3520
35403
2042
30760
49441
33595
20310
1468
7611
34231
32108
48021
16053
47032
48025
13616
19249
41021
43435
30148
17169
19830
1681
10611
2762
32677
12456
2879
31306
29906
27499
33531
34481
18224
2805
45935
28500
35357
46048
25903
45930
40272
2339
33836
28682
38033
41744
35535
32725
30799
31746
12329
16049
33459
12455
10037
18270
1383
1016
1411
39506
44812
2856
9046
29076
17126
48371
13164
1545
42779
19100
9012
36370
7912
9735
45096
1081
32337
27827
38034
33614
29135
8636
24870
10347
22035
1171
13769
4261
18387
3579
3626
45211
3487
32899
875
19026
23141
16624
22816
24669
49250
51179
39429
23178
20529
38928
13104
44803
11432
44147
30075
31241
28942
8468
44811
40898
1112
26894
27923
1976
1355
36181
12201
42420
36180
1609
41410
33222
34149
21215
23100
40914
23107
23664
33963
13393
478
15531
2555
8484
24973
9264
544
42495
16374
18861
32390
21382
38211
36672
37833
38494
9181
251
2732
34062
2305
9945
27907
46876
23994
7531
42775
46894
10786
31729
9382
652
44406
38907
34518
522
1089
35524
39096
18337
40147
50297
14972
17650
16349
1789
33850
13972
31917
25924
41846
17983
39299
29399
33393
27664
38924
30121
9312
10515
38653
10377
20642
18439
17421
22356
22733
14474
5797
10480
2774
2254
40890
31743
13248
1121
1256
22748
32815
19844
29621
29466
10669
2841
23534
33273
37471
1918
1503
677
26785
2780
36341
19103
36679
30220
27586
3735
18046
36796
44062
25042
15628
1302
35711
1421
12650
8795
28982
10101
47527
1856
49166
27515
31272
19701
23093
8800
47384
423
21069
14593
21113
30210
21117
4280
35166
21073
34675
14802
15445
9874
19213
11378
25033
14235
46308
1103
36462
37656
1267
41098
21424
10483
35793
50055
26915
35626
44084
19752
44573
1603
26233
13193
23005
34370
23768
45795
28190
27278
1399
29666
33759
25480
17699
27531
22599
18453
33889
24400
34983
30648
37633
38967
2418
29720
12269
43229
2351
2899
13359
27780
24783
36375
19059
16748
488
15410
9475
22678
34811
15962
18719
7808
17576
16741
27709
32008
13176
16799
22686
30114
1011
34325
27560
27356
22828
27629
36171
13746
2547
34030
19440
32168
33821
12323
14714
1567
15983
14558
10760
29802
1646
21214
26826
3136
799
38292
8157
37186
24119
27558
27804
14687
20151
36014
19263
19268
43991
43974
29640
23309
32792
43986
36152
15148
27583
37111
25370
15708
2125
26496
14795
12933
18887
3225
33279
10561
16666
19765
39011
16861
37746
37288
42223
28368
2210
15999
43878
25990
27712
16107
27365
45086
34642
49822
27315
25929
25401
848
2252
2329
40503
21914
23765
32530
9723
36211
36092
32272
24300
27327
14896
17733
9158
10498
18648
23485
35330
30878
19438
27713
42100
9566
2146
33365
15125
11739
26567
49028
32443
537
33180
9470
36084
47729
14791
601
43185
46790
40352
10398
14713
47840
22256
21114
23824
3163
28632
3203
23263
25981
35088
44777
23742
10670
40434
17628
16722
50044
22734
14637
13580
44753
47627
9138
3692
547
7442
39280
9506
29788
40913
10799
16443
38882
50626
23117
40584
27024
25189
9099
13560
16404
39139
36616
3166
44432
1822
41732
29893
31810
29467
2682
2206
26978
2469
21569
28180
26316
1679
7707
11627
17276
38089
27864
11318
1046
1534
2649
12868
1571
3055
32395
26965
19231
16600
21023
2522
35258
37308
38864
42692
28497
49395
8122
40326
29182
14963
24636
31364
40478
1557
15568
35615
34035
26230
9166
26238
25174
8084
1855
29288
31402
33842
27228
28363
17366
19671
26754
32334
27937
14192
8222
46754
879
450
34368
15113
11893
7884
29489
33027
34429
3249
1797
2744
11366
19641
895
21446
18724
13236
50165
28239
23685
17504
46373
37473
45246
35922
13907
949
1724
10783
38730
26270
36395
20649
39120
15740
29401
33499
33546
17611
27624
18026
39495
954
7513
32527
3355
22851
10196
13043
46451
20882
1683
2413
3877
19435
39049
39634
45799
36692
1937
33359
39090
43638
1852
9328
9258
44091
15886
30224
2353
3459
5473
10830
17503
38186
11637
36664
39183
28965
679
18418
2959
8154
13973
31130
872
31594
19022
40950
2633
753
38582
28621
13426
9559
18835
31795
15607
28418
30577
12272
21402
12454
35017
32122
7207
20673
3479
26541
9472
12486
2399
17258
22874
19719
31083
36321
422
45427
16577
49320
10990
26213
37976
30353
7778
20547
471
33028
26427
13296
34189
374
29695
37317
28280
36644
28172
8355
2902
363
34065
28814
34077
7233
12616
27849
25598
140
34348
21311
26406
9183
11136
45449
34013
2883
36003
33300
27220
33995
34660
5426
44208
39541
32764
22762
9668
20866
8667
14840
24101
8987
50098
32424
26159
14346
19014
21082
915
21294
11072
725
5528
21063
44265
31765
7943
42152
47348
14208
17957
3062
32671
8153
19736
1263
17321
20954
40342
25496
34668
45237
36755
49109
26510
20350
23355
27600
689
30857
10825
8366
23900
12949
11149
1511
20288
2456
1069
1596
46079
16826
27256
453
1370
25857
576
32219
2437
2880
45535
18767
16613
29510
9734
2277
23295
10545
10082
23780
2602
15014
18656
33059
43773
8450
9736
15452
15442
40381
25859
25738
29024
20181
46045
31658
2099
17109
11826
34338
23316
4229
1144
3821
10804
49880
9329
12863
26960
36371
40933
35132
19144
31256
21670
8071
18126
11634
34140
11175
39988
24265
10079
14477
19305
46982
38838
33158
31789
41302
9986
14485
14497
26768
38719
15669
28866
49711
41743
3546
29281
17766
7984
34504
34713
29407
20282
25642
14897
25870
18346
37204
23680
1833
1533
48788
17950
13952
19650
14495
20531
23006
29694
37474
33704
40681
44914
32901
29990
21198
29855
14659
31832
46552
38788
32140
10785
27637
11992
20637
30444
26252
21249
37293
18381
12270
22245
23856
33198
37217
14623
36482
37461
636
177
40085
34847
40938
5220
27793
17131
16365
32277
25155
50111
25626
24533
1538
20393
26207
3446
3361
3206
634
2564
32397
1723
29752
14955
37750
21193
41959
20455
40035
33264
36874
38887
44438
25045
47065
22517
38049
14761
43863
9177
40297
40839
21878
29700
23637
50298
34032
1908
19750
10051
36237
47482
3931
3425
2227
24501
36190
31530
39519
7681
19685
11399
26792
4114
29411
17601
31389
2637
16018
948
8991
15362
10981
7786
30058
33895
41949
30780
12211
35105
36942
26835
35399
5645
39700
31794
19832
42053
30898
934
37527
28829
40374
17298
23767
28752
30877
42323
17658
31395
25922
42482
24296
50207
40848
14496
19217
3395
31451
39915
21540
32667
25539
47948
43061
26470
747
33270
377
34452
16465
29333
43655
25819
19042
28281
35223
44553
23348
19048
19215
3565
550
14901
1156
14229
19987
20824
3132
34691
15727
34969
42989
36594
39696
21936
50887
46370
10766
49148
32049
17238
1744
10133
8152
30468
3335
7961
3157
17948
32225
14546
32413
44693
46913
4208
13927
37402
43620
44028
9340
45181
339
47412
39187
8729
21189
2724
387
45182
44754
2636
1834
20674
3258
29647
28240
12783
1169
14603
3842
28731
43241
48738
2477
27765
49420
4333
45264
42289
23984
23429
33285
15428
24028
37744
41032
44482
36558
10279
16630
8050
462
23660
9465
15627
15601
25899
11633
26670
30664
25247
1415
47610
44162
35970
2773
26060
39515
1582
38731
43066
2703
901
18630
49762
9188
14973
34679
1920
697
16318
23556
1392
29954
523
7663
2725
34235
18558
3914
17155
12495
20667
1689
399
773
1776
7803
18557
22671
1590
39156
1441
29207
3209
18607
22860
931
10721
4325
2823
4173
1429
1796
1962
17502
13498
749
21589
805
18937
13991
980
36083
47314
14887
19757
16416
31988
14515
1740
15958
14833
1946
4025
3264
31216
49485
27265
33844
10732
20662
39698
31932
39971
25090
34247
40382
30686
24363
14314
16245
47095
8345
44954
43052
2818
11851
24833
15002
33473
27720
44410
8677
41662
24468
29605
41718
46504
22990
45417
21684
10420
12193
38094
17107
2884
44565
25328
17182
46058
18521
24854
50064
39376
5361
7602
2035
1632
15928
29077
14175
32834
36622
47973
35093
16089
24687
14570
18172
14156
30196
17796
46892
15280
36777
44167
33064
18788
15329
50058
15535
27241
30692
45071
27614
38364
11889
15552
41905
37553
14812
9489
36050
586
27597
50284
30051
31078
3423
33896
25637
36470
43631
21009
1726
8753
20863
871
2296
3905
950
3531
35590
25579
27784
27810
14024
47379
40941
36002
35955
40935
14606
7397
33099
35918
16062
35769
36277
20747
50172
25348
39887
40785
3407
10044
1704
38338
15567
12854
3294
1981
19735
35731
7842
15606
24871
814
15083
21102
2229
3270
35261
41015
43404
29460
17443
36812
21209
18350
24994
44605
17058
18036
12912
10264
7712
32537
33381
28475
44772
35338
28311
33803
29485
24272
24659
29446
33450
24919
592
9433
11854
44160
32541
3377
22766
7573
8103
19037
49802
45624
27529
8391
39611
32713
13141
39680
2998
10136
36624
12030
30552
36697
33494
22705
10750
8754
34740
22725
11124
12402
41210
44669
19281
14646
19298
31316
2544
4781
1933
24912
19652
12618
18164
19235
19575
48727
1669
19886
17754
1805
7801
21479
12296
14377
37705
45460
41758
2877
12205
31668
30495
12304
35581
32156
43575
21774
34676
40231
36332
2994
7886
2845
3397
15191
1597
1577
31682
37322
45585
14620
49360
16654
27236
12525
31038
42701
31047
33029
40229
17920
14176
3631
39785
26090
32366
34006
35602
31747
28794
41415
12915
11705
12864
12359
10500
39298
1889
26815
14903
44203
3026
1692
23453
13755
37096
40760
33948
32870
20115
34467
23758
40172
31766
10400
25498
50162
27969
15003
28726
49371
37066
29170
13068
23169
14550
4302
33266
17898
23910
21074
35084
47009
35412
9285
16740
43296
36097
44017
31437
1014
20070
2104
2100
31646
33033
35441
36649
29275
25086
30167
40650
13968
35920
23575
10653
18602
44600
19626
40664
9040
36614
8353
44587
34854
42473
20247
33902
14422
18518
35846
32770
32196
13909
9932
24214
41595
14589
34173
26591
20864
43788
34661
36078
44518
1107
1576
37166
33149
44159
49160
21343
7583
34257
22116
15073
30867
30915
12910
15710
7841
1097
30000
29405
40140
32484
18830
18496
21838
17021
19369
11038
20479
14322
42987
47351
35579
49925
25704
28673
12714
45106
946
38460
49037
2578
50840
22687
9496
33586
32466
40031
17015
849
39315
44549
20280
43482
25234
15635
12265
35855
1148
41314
49815
3917
30197
48204
17181
29221
20293
42212
34070
755
18829
993
1275
28564
23682
18106
39826
3675
30079
43939
12814
1884
30115
22126
40762
22045
17564
8669
29980
14004
23651
32892
44361
34324
26116
18111
10510
31112
34561
36196
35359
27330
46139
29208
2420
34926
3181
19310
44723
36045
7972
45804
16228
14933
27334
40156
22333
43752
48870
832
33317
13123
4077
11398
42016
3647
16438
34867
1840
17496
12709
38138
1814
37481
28540
17633
37431
25587
46611
35427
8406
26145
27089
44798
49351
40983
2937
32505
39821
663
35473
32170
19258
39311
43455
20704
24226
30042
724
4326
9500
10771
7817
28292
29248
10700
6987
1420
21646
15941
9654
1642
24266
34701
34685
8723
49342
41025
27890
44158
41682
856
31305
1310
43255
12301
2731
32430
22203
7739
27402
2545
17878
28159
12642
19465
7776
27448
570
40415
17469
36044
12916
35401
34002
38449
8163
15994
49735
8947
21485
41238
44857
47323
4290
13108
15017
7759
18781
563
37733
21935
33152
46090
36657
48858
3326
2554
910
27764
19598
13782
27769
49665
28168
34592
46447
35971
20911
9935
40495
19058
16538
7705
41766
30474
19332
7533
16025
30153
46398
30978
41081
42910
21269
39078
23783
44889
17214
15040
25905
30119
28232
21054
49338
38500
20505
33452
1382
13028
20080
32235
7839
41987
31770
19038
474
24076
19131
28020
16730
2023
16639
48662
22986
48757
17294
32945
27375
18341
30766
30622
14470
34354
19123
19433
12352
18930
8001
22403
43794
19503
27471
20348
23183
11737
13818
33388
45529
41586
46362
23190
22518
41950
41538
25493
32485
34706
34920
9568
47320
28437
26766
33015
13543
16941
13623
17732
34762
29805
19143
44368
30548
3851
27548
14253
39075
35289
24209
4149
7805
11128
33178
17652
2256
2253
32409
34412
18057
19093
21241
36491
43216
8023
43980
37296
41274
22836
44730
49589
11624
2804
4099
43203
14841
26639
37341
197
37055
1883
44336
9308
43422
8000
34976
7495
16845
1473
23741
39146
36572
34043
38459
33607
20460
2846
37866
19415
14139
7294
19798
38600
31824
27272
43596
1419
18416
36695
15387
48638
39820
9675
44169
9347
2390
2449
31984
19520
30319
22978
34426
26067
29225
31520
8204
34886
13147
10923
2301
26778
2196
31849
21811
33107
33096
46980
9203
31404
46856
8466
29649
12153
21118
976
19463
12023
22149
23388
45661
49300
9624
25372
8090
25592
17038
2624
25165
13593
2412
26165
48800
1055
44946
43054
24065
45723
27124
39765
44752
2553
5302
21877
29140
37827
900
23560
2755
22977
3051
2259
31540
26525
35246
1467
28622
37932
27856
27230
8650
41619
11908
1080
40387
49041
29002
21237
26533
24649
31579
23672
33129
921
26113
30054
1028
23172
38688
20221
24303
27562
17224
37792
13256
22867
2438
35405
28572
30341
46077
28707
47853
8676
702
39440
44616
39573
42890
1564
293
47262
41064
49753
3679
1196
29036
26286
28712
36746
44756
4462
777
24815
50115
30621
35429
16266
49635
39686
43039
44428
39126
50452
44427
24144
21336
7400
18168
10730
21882
21158
34431
20721
48395
36637
36354
14084
22351
10316
32775
19046
37770
1427
37303
3013
9638
8495
5580
10008
35740
4155
46810
28533
8688
22633
36627
40341
40732
8779
44116
44296
16621
1990
43064
49092
31243
47401
21740
10027
393
1644
33387
19986
30157
39458
15574
19554
29856
34538
39485
13421
1947
1989
31852
21202
34180
33830
29833
42921
2406
23065
35236
26214
4227
20645
2885
2426
13520
12260
34063
49151
11184
2177
3733
23951
3110
28406
11656
1862
775
8972
18047
974
37596
35129
3040
18450
37615
1428
13619
31954
21484
24273
34806
28732
4197
19793
20499
35953
2038
44320
8864
15543
28662
27773
2286
35408
49340
15032
7942
10610
17626
24511
35278
33451
19734
20417
19259
1325
11650
31059
18593
8826
33820
20904
47346
15923
29291
27564
43071
15613
45019
3002
20676
32592
8910
29331
35089
32151
48731
9889
35965
34787
42868
19407
35605
38038
1189
14466
31981
48868
21528
27645
29438
38836
10392
35386
11741
12241
17464
36183
29665
7176
17218
33500
1865
3133
33685
21511
10144
21944
49082
24985
37146
9731
2190
4080
28272
46198
9109
12476
48072
48501
18351
32055
39461
15682
23570
32795
7956
44780
19984
41576
10803
44460
8117
28502
35637
34427
2096
46088
37940
1108
34345
14455
37292
36693
21259
30275
24246
20024
30289
26885
33807
10391
38590
22355
47561
27700
7514
37477
27741
46575
43053
44397
10091
34132
33030
38861
8129
8434
50122
23132
25949
2468
20932
20508
27052
3412
4070
21832
18547
3805
27094
2400
25784
35879
27619
26000
47023
16029
40492
12937
38697
16078
17283
25285
15176
36103
35520
10995
47282
1465
3141
16088
33262
23119
25306
27266
34972
5491
35436
7515
28949
43110
47638
21560
21943
11648
33263
11178
47081
11666
15812
11193
29152
11190
7762
34471
2464
34079
42851
19361
44043
17859
34076
9182
38976
38975
22891
20639
38981
43892
3217
518
2548
8783
31230
35085
2606
10929
47920
32422
11519
2013
32823
29457
49749
19265
50230
42681
45253
16472
10184
31456
17121
50150
17206
11972
14054
38363
12934
27090
41490
14950
49687
45778
22925
916
721
33282
29302
10521
45555
14634
909
33881
2467
2209
13132
24877
11652
18837
21543
17354
18470
27862
17351
35709
2590
46310
21635
31736
29789
7960
945
16037
49744
37297
27048
5365
3956
16848
27889
40355
44356
48733
26523
44491
42603
9228
16914
15309
3149
2405
29576
13326
18681
654
24298
40256
22224
9191
49111
25255
731
5538
15622
26860
42830
14049
25058
47953
10634
39050
3588
9716
18135
2050
5932
38100
2784
3180
34549
31111
12497
28950
40150
8435
45069
21800
24365
33701
19674
28799
35437
2926
12644
29305
29169
29121
47655
19010
31898
30499
19920
7587
20406
32534
2044
2283
25158
2109
21607
29927
41634
13869
7497
1662
25333
24545
26255
17357
15307
31093
35882
32866
15660
13285
9824
43504
36821
34285
15734
23549
25410
15182
24929
30061
14991
17627
37348
2775
912
32559
37312
20902
2076
40419
32112
18990
25497
38617
31006
593
354
2010
13556
16397
30047
498
32412
20054
37324
39316
22744
35282
37109
2197
10564
30491
41646
44715
7271
13308
10547
23492
7929
45090
8419
49899
17524
7667
9113
7182
44709
14644
39518
42560
26691
41419
16721
35803
44995
43523
36066
3313
36639
23721
30555
31019
2381
7914
32032
1186
12710
28827
36225
34277
8242
44164
18177
2630
50251
49671
8324
16512
39699
13261
24568
13821
23953
18266
24369
29250
12216
49999
6222
35794
37134
10096
3165
44500
8256
2838
43664
32557
32415
12375
7537
18673
43407
15711
16663
33048
8781
9416
43358
24982
9450
15833
34705
39689
2084
33490
869
7575
30101
35657
38970
42642
2402
41978
44808
30264
26798
15441
34446
17168
36191
36651
26012
4343
41864
25188
47470
852
2757
2510
13770
11006
44102
36079
10330
13622
30434
45445
9846
39197
15527
39217
22252
2826
20015
31072
34104
27390
29462
40397
22443
34619
20698
27408
11108
45444
4437
17452
26958
1476
37971
2525
22862
29844
15385
33974
37062
15341
11531
18919
27317
42993
7242
17229
9803
13626
38146
32254
27313
14153
34738
21268
7952
37913
9586
33695
13879
50041
14914
21796
6477
20500
49414
44481
50288
31255
43113
21672
35761
32728
33427
22357
36905
36179
30426
21122
28986
14163
21941
15449
20897
3430
25376
44856
8986
28156
44672
35752
19900
23788
3830
10335
25253
19845
19843
19907
44805
40251
13106
20145
43408
33394
20147
17315
17734
1180
17927
43405
16405
17986
13096
26683
24768
19610
37237
41436
306
43356
13130
44670
22117
49251
25337
11350
4055
6194
17505
38830
39610
42750
9990
19743
17826
9404
7444
34373
37138
22971
11673
16745
989
25394
1123
1105
20621
1514
25888
38860
16182
17942
4168
44640
49526
21535
35853
1052
9653
31641
25802
33973
25292
24126
21716
20665
2107
12947
26959
9414
14920
47340
41633
25084
34169
16481
17714
23659
32632
4174
25682
25952
34497
38301
23913
19510
20751
27821
48270
14295
17093
42328
31312
32420
2760
4625
26172
33287
7274
26095
35985
28738
31980
30273
1184
32229
36772
14732
23577
842
11605
12317
39783
37974
23964
45767
12493
24263
11002
16492
16948
7843
8670
1510
19681
32116
21146
26027
11672
767
3950
335
3248
17139
24678
33883
7039
33957
27549
16535
9636
24876
15404
33888
19011
16854
32416
44649
37629
11783
26013
21279
13529
35131
10326
31382
37626
3549
402
38424
26424
7993
33566
34971
42066
46118
19912
45623
24095
2982
16450
2293
45557
30656
12521
7309
35963
19698
10135
16763
40741
26913
12560
16251
8420
3357
1216
3359
17148
5858
17551
25331
1913
33255
22377
44078
22152
18625
31483
13918
8371
10655
12076
35687
51248
49732
44759
24951
29176
39250
15595
13504
1657
32119
38165
32342
18799
35128
13932
44873
32953
43776
32332
48967
35664
29360
35694
42577
38533
14258
37273
45884
25577
8714
36362
24213
10661
31116
11697
32561
32344
25873
44153
34451
35716
44557
28476
12500
45575
3962
10638
24033
24219
26452
22949
722
25473
36469
43348
10276
27528
8470
32346
24740
33877
35306
10332
16784
45801
34680
10307
34626
2493
18116
24650
33829
7718
12953
12614
47090
9224
46586
8433
20650
17306
40816
32976
49714
2362
7425
34918
11030
44310
11704
15953
49604
24624
3304
50167
33588
37988
15175
20118
4011
2193
49515
21678
26257
8982
20574
43306
28836
20822
36130
42356
23871
32833
26542
31153
42253
3813
5820
11512
647
434
18827
21767
8884
37261
21817
48974
40213
14067
12179
27403
49715
14803
15624
39561
8977
16853
546
46235
33898
31561
17748
10346
36976
20116
26837
2014
29707
24251
45938
15979
2272
50160
504
25793
46100
10652
25416
42290
33320
36455
28444
23836
21234
7674
4058
29868
28538
24715
32902
34125
1288
22368
22199
19308
41771
24260
19702
18931
39334
40155
33832
49670
14186
31926
16459
31251
28328
46365
17249
33718
43641
23872
1314
404
36599
23223
26271
10795
15870
13352
46968
3128
35956
18614
37077
25240
32639
695
9780
13097
48011
1236
408
1872
13027
24270
11830
12453
27258
17097
49706
33295
23533
29393
16951
21028
12573
7439
37775
4259
4063
3818
33864
36849
50862
16559
17219
33981
17265
9603
29060
32676
47779
16810
40770
18701
44526
1499
24821
962
25752
34110
28080
35243
36856
32853
1610
12867
15324
30253
1254
15728
14206
43021
2677
23068
14706
19496
43977
46212
36381
36039
1870
15948
16746
32880
3289
14518
36972
13535
14065
12256
43984
24744
17175
11071
2463
43742
24747
11444
17173
24691
36826
37149
29558
37189
15261
23592
32373
12579
42875
19168
40359
47327
31573
44494
655
44254
37885
23937
48878
30787
26298
23841
39015
50017
37874
3090
2610
35785
19307
29671
30952
16212
28132
43627
25771
12332
29946
29262
8818
23696
18801
14424
37041
21975
20553
20138
10018
24776
40022
43906
24577
660
44708
26595
9284
31624
37094
10534
44288
33796
50179
22755
41977
27671
19283
20978
8022
32635
44958
35540
21621
28793
21021
23085
1810
29710
8115
16076
29974
45705
31381
49510
35671
643
40857
31204
49878
9881
34556
49032
12939
9135
16981
31177
31496
45992
10772
515
33031
47393
33714
23211
34479
37181
20065
28834
45507
49634
15485
17104
17127
42284
28931
20858
8100
22159
41815
50026
26425
4327
4216
18802
39304
39037
51172
28133
10704
12813
33840
36109
4141
27070
19314
12132
34930
44935
39385
11765
20793
20267
43858
25175
35224
22775
18783
11044
44536
33397
776
11440
1971
3380
26325
11353
602
28037
18903
37501
24817
33456
11533
24371
12237
7347
38425
7822
1320
19688
1183
44617
43246
39789
33656
38139
42462
7876
4287
31281
43771
7958
32154
17875
34699
36139
24509
21315
26955
20114
34380
24433
33549
5259
9271
34922
16436
38802
38820
20666
29139
35390
41324
43978
44074
846
25617
2689
32340
41313
39333
39687
13125
16163
25999
18517
2923
30408
40713
42678
10805
1234
18880
16109
1480
44228
4965
4267
2988
36677
15455
17955
35898
9973
38127
11139
8212
23474
21963
33649
2304
36480
42125
22319
17343
23477
41880
16479
17621
29285
25938
42404
36656
9375
11148
49684
50079
16338
10185
23354
35477
32206
43344
26139
13935
4270
17113
38519
17005
11428
25364
18468
11130
49704
14121
10065
7986
7424
32169
385
31713
12328
50289
40508
9292
24750
1746
14768
39303
28996
47345
3634
1431
9801
32761
2067
7694
28312
24122
19493
13998
21276
29286
3127
44132
22585
50754
46047
40285
32886
47559
15046
15359
2767
49689
45895
14374
18932
19684
22776
50038
21046
32488
19617
39793
36118
27749
38047
2642
38200
1573
51080
8981
12506
28304
1763
2869
28599
43590
8170
32364
17382
10842
26015
45350
33265
35340
33960
44667
18896
43261
51178
9436
15239
943
50231
50078
31924
45770
46263
23800
35136
50030
36959
44758
15938
33038
2541
778
34156
28816
26861
17863
12425
35563
29570
41872
13133
21757
17725
3728
1975
30774
41153
46568
36267
25066
26504
49181
29144
18157
1335
30118
7560
8054
275
39006
28917
18524
45058
47328
1650
25787
19375
36352
33565
23888
17962
1106
769
43164
38344
41184
28681
48199
14847
1402
20504
28941
4127
31396
49734
2315
26733
26975
29631
16564
42797
28519
2074
4008
35265
29149
9384
37497
18397
43861
18165
3810
3105
3389
49920
14852
47035
41225
41518
44047
26807
43062
4336
14359
22772
29693
3219
37952
1388
25246
38391
49832
34587
19396
28529
27067
38803
41931
32552
38534
30433
22885
14769
28524
42667
19660
23424
36756
31136
4071
1779
525
10537
23511
35989
22751
2688
400
47881
29698
39409
25677
29448
44967
30212
36750
38579
28294
27481
9432
19362
33347
30879
8069
12922
37706
15388
37936
22611
40168
12727
28584
21003
10630
542
35431
21658
37506
28498
28028
23791
46338
48473
2414
19944
18099
1915
38998
44056
3995
31813
3396
42629
12259
37934
42499
32735
32427
890
1620
4271
789
43214
20703
34674
1453
5729
33316
23722
12309
2931
20918
31179
44849
34068
42936
46269
43982
46991
20469
16160
42225
24832
21639
18405
42476
28098
818
3963
9218
39326
15990
19972
30946
7498
13720
21367
33946
16098
32555
4191
30850
48250
3168
26734
20236
13767
46440
8228
16601
28348
15201
46878
30939
18474
14936
25875
47839
7891
12655
15931
36119
1064
13156
12943
28001
20208
47347
37993
38862
13524
38851
24038
44514
43184
34162
33990
35378
25475
28625
12125
31341
29470
12974
9534
41830
11696
2930
2031
32403
35279
17556
45826
30578
4102
19781
16126
15631
27312
21020
28129
35430
26916
31417
20557
31739
31295
32582
23076
2094
19989
43647
9077
18504
31764
31029
26536
14567
49984
41157
44641
29427
3824
3592
16324
19811
19139
48644
19902
19880
35308
41874
7797
2419
40995
12802
28883
46258
41078
35185
28891
39827
8460
8453
3269
1995
25338
38419
10796
46976
45796
3616
3923
16408
14999
22193
16902
47083
49110
13252
30410
11945
35525
8026
44903
13919
45176
44359
919
10540
9251
47998
6819
30129
23559
36106
29012
34852
40408
17668
16605
8021
23061
22759
31800
39739
46832
14658
36815
31160
45235
32995
30108
18523
42110
41265
9309
17422
8871
48152
32335
44172
7651
42880
20377
32426
39494
25609
20738
17056
35125
35242
26059
2332
26020
46592
33745
28490
24221
5667
19133
18689
8031
44952
22807
42078
18822
20643
23929
19599
4056
17579
43136
36297
34499
16034
49723
34586
35439
16537
11526
4262
3162
1762
15444
23775
26589
48297
21331
41613
21728
37073
39602
46141
28611
13430
22680
31018
27626
390
1224
39145
21205
35562
1623
6014
13939
3418
26994
25830
39569
19868
37422
33007
2794
36546
1283
5115
27659
12063
23051
115
35039
26295
27808
19686
45282
24672
27882
34767
29434
17011
2665
2723
42696
44039
39523
20983
16815
26834
28532
42559
47952
42337
19647
27436
21385
35266
49161
35331
38809
50661
40392
33544
18807
7591
2249
32641
9467
38190
21393
17462
26120
26840
42054
28643
31465
29803
29679
784
173
17466
49993
40775
27971
25908
18454
42350
13803
44001
33143
30963
19861
31835
45602
13817
12384
19883
32959
14760
24420
44508
8218
21942
47504
658
47169
41999
12741
12687
7026
10642
48537
23487
628
27479
50295
13363
25233
37264
32974
48911
17019
11740
14360
5599
10593
32450
27743
44516
11043
24491
4244
4033
28964
30154
32994
22348
9332
27446
31352
42031
17369
11145
16332
1858
2961
8658
22625
34473
25426
22352
4090
4258
9663
19583
31004
22119
13324
18160
18554
34826
19680
34460
28086
12286
9068
3909
12243
21972
20658
22314
364
40282
24082
3729
31721
14966
13085
15659
12563
38048
27502
20414
45171
27289
24308
47830
3762
717
7470
38815
37624
17384
17583
3099
22087
39116
25583
35813
21907
48000
9442
9048
45032
17082
8980
37777
36488
10594
17880
19744
19485
33296
30271
3485
31793
12488
39633
25957
16892
26308
3053
48667
27297
18161
44376
22579
15978
28501
27262
29654
31455
8663
32449
14553
29215
1952
4140
23500
29261
29213
7523
12535
14385
2787
580
18362
4281
25746
19382
18852
23924
25070
24344
22905
32978
31084
14044
1390
20066
29629
48796
2364
9071
7869
35943
822
914
46218
11636
2569
27617
31697
31388
29099
41475
35783
42098
31394
31393
12675
12163
13908
27269
17743
7481
41584
33762
28678
8398
7636
12047
31211
29520
17671
2264
44471
33609
40358
46046
511
48712
39253
7526
38709
30831
31053
28355
15787
26345
23831
31953
44926
15126
19905
20764
15200
2960
49355
36545
9659
22640
22618
22635
30976
46811
16833
48099
48100
13397
536
18481
37989
12233
1541
19051
26706
24066
5242
4696
35703
25597
493
47387
32330
50579
2948
25224
34067
17203
22582
44676
49620
2341
447
6997
8984
18901
41253
28730
803
2372
37198
34711
48860
1140
5342
25135
11103
23238
38733
2354
3210
42265
11748
8917
29808
2473
49481
15974
17433
9153
35272
10599
35910
20746
31826
18082
9570
44739
4310
49636
46076
25902
1073
23868
13628
1303
7530
18049
38187
39599
20050
18891
27963
43430
29203
8384
29627
16609
49506
44026
1825
1685
28048
591
35134
30576
28269
14262
20381
14239
27242
34027
20126
27654
10131
46219
27196
15015
24225
8827
3887
24975
46606
31693
45595
47864
20328
16159
29480
35453
12371
36096
65
32794
14810
32547
22841
7639
26307
14292
17345
45514
8862
14060
5692
28118
26320
7429
37338
34931
1076
43359
32414
44776
31638
12897
34961
24665
17237
33797
22758
2604
22987
13799
36379
34944
21026
1658
22249
48439
13567
19948
25801
9547
21891
48510
37565
13583
33012
29562
45498
24503
36827
27013
47540
23413
20412
16309
37848
44955
14885
12145
35365
35295
17804
11649
8952
34302
22778
25698
14722
23561
25921
30776
41251
17870
33491
701
22677
50109
24893
49235
33278
15408
41276
10499
12559
13737
16377
3358
1158
9125
31919
37883
37884
21920
43613
32036
34528
26771
13507
29630
13167
1562
20934
44912
27518
48178
10612
34714
26154
10345
25310
9337
39344
16057
25528
34267
40527
43967
19823
24377
45939
10169
24497
26453
907
3094
42776
11914
42438
17215
33580
24021
27770
3349
32076
43772
28231
29430
4043
37390
20597
44451
39044
27083
16280
33906
27137
22404
17506
18854
18858
25890
7391
31220
29247
8841
40997
45351
29332
12322
47652
2006
18166
506
46375
22139
31973
24810
10171
13902
29151
22248
46693
10374
43490
14582
16209
21083
30567
47774
618
29547
10220
26254
31521
27036
13893
45802
3227
30763
9205
11715
45825
3967
2863
50216
48243
1772
31418
18806
35555
27881
2720
20449
33032
12109
9535
27287
13062
45603
27899
2747
36215
25494
1932
29337
48429
36095
20943
9219
27021
611
27135
22911
29503
37861
44317
1202
11658
22908
2417
37269
36366
12740
24379
25605
22207
35395
9502
9878
26389
9434
610
31467
2685
22541
30316
27638
28296
37466
42091
41587
37490
22010
801
26239
2629
34015
36062
37141
32817
23867
29622
32636
13561
23151
50152
15775
3968
1001
10747
29552
7529
44462
44855
35189
16887
37282
49461
2524
29807
16840
33383
11713
14164
1617
23391
38625
41024
40007
15211
41649
43992
33261
2147
15320
45317
2320
2513
20562
33970
38396
25407
2608
37489
49418
25927
44456
32418
36255
22736
556
28879
1039
39778
44135
35285
13334
31176
47146
21959
30208
3493
1350
27270
35841
20771
549
3131
4930
49543
35647
36700
17230
14859
13970
35566
33209
22151
49594
29465
23064
16915
19957
7686
45962
36857
49449
36733
32050
25069
2694
3060
10455
44949
4303
3827
24289
50128
28242
22433
20564
8253
28420
13882
782
28585
42005
48734
33474
8680
36933
31608
44897
9052
20590
9947
22564
15801
9017
25147
15561
5408
13444
361
29858
13786
14137
21312
31097
2768
38834
23993
44424
46747
36511
34818
11981
36102
28991
1743
741
2676
49154
27476
14995
2543
42977
49702
22974
19850
2956
9606
31888
21771
32697
23246
1850
48148
11841
3320
2009
22763
13741
37108
441
45060
4273
11454
40885
42128
16316
40207
41129
35418
27246
10401
32937
930
13858
13716
35884
10548
34379
1867
22934
12711
18895
5609
37429
8376
38883
19178
40386
39189
24019
19444
291
43038
8334
40581
18023
50195
45184
44495
41212
35662
37586
36182
50245
27683
30945
37092
26645
20937
12656
21586
38071
23146
19737
24075
41134
30145
8109
24329
2143
18722
9763
8447
16020
29838
9485
3364
38783
22683
46937
10476
36848
25727
44964
11864
9540
322
13137
17403
19839
50209
33530
19416
35521
14937
31818
21934
36447
8087
7212
50285
3296
12086
3369
30228
17940
32201
24490
2671
39762
36162
15047
3691
27520
786
18534
23029
31906
44342
25835
2479
18136
37424
27535
46227
13163
26152
17709
45524
11182
41355
23421
45166
29445
49094
47452
19633
31588
28876
10775
34187
32311
25136
20571
8973
35344
6331
4202
44110
23838
12024
11979
27339
49408
45026
25649
42417
7928
12099
42376
22730
36623
39239
12306
35264
41642
37148
6611
40453
34749
36125
28583
15016
46029
24471
48001
27817
17044
34830
8415
35994
18862
25786
16021
19102
16366
12961
20084
44598
41445
39243
25562
24145
11837
35756
38432
44932
1111
17209
5060
33367
12006
15598
26383
22894
27277
29862
26110
31819
8403
39993
42859
38112
34523
345
35479
20045
31137
45508
35074
31077
8194
49356
33618
50237
24608
17991
9737
41675
18803
31587
918
28409
14809
37869
26300
9550
33774
11426
66
19207
1409
20850
44541
34652
30437
24000
18857
31228
12373
46833
29072
28659
27567
11941
32690
39784
41427
27748
42888
10152
20742
41067
13246
44727
36477
35030
44013
12278
47281
1556
9335
24682
21142
4212
49097
19611
27634
30634
39681
30240
22692
24419
22679
20493
14158
44809
43777
19446
11724
35999
44658
17684
45979
1780
28230
24690
34112
2609
15414
10530
24504
27140
34177
44561
14734
9167
18065
36573
36442
31642
39024
42709
39248
14583
21310
42214
37098
29402
14566
21017
18465
33977
39052
8988
6785
1009
2932
14825
35514
38202
36134
19424
18443
1639
16527
16798
3078
36167
41881
3006
25707
21884
9963
32515
45600
25931
40167
19642
10328
36551
12866
20430
26354
27590
21950
24141
1581
2307
40164
2192
692
35735
42068
38632
2258
19825
20008
31955
16876
27212
20786
23544
15145
22704
15964
18935
11928
11403
358
3123
21583
967
2631
21666
31414
22269
11461
47921
19906
21977
2173
22229
9175
3332
22948
23443
25425
7541
30935
32877
11664
26679
38061
3381
11126
9953
36960
26008
19726
26788
35628
16252
44787
42051
3720
29088
22233
11676
50140
29908
20283
10045
41418
23244
18447
13181
19295
22942
28666
38558
37048
29319
3961
3190
27806
14347
26572
35601
45172
29043
24671
25596
18563
48827
28370
26456
39642
35980
35821
20308
21833
21403
29001
21191
22644
20949
30362
6367
45851
49973
32826
5226
39447
33725
3551
32623
26700
16500
23704
10265
12415
11417
48245
29875
15721
24149
36346
27508
30733
16596
8187
21681
21961
585
45625
29499
11322
33818
10073
24553
45873
14046
33000
18262
44453
21727
11535
3712
19173
32709
28374
41316
32124
12238
8993
31207
47204
24175
43182
23655
11693
12857
4048
25433
35775
4249
1319
11374
33953
1434
6337
3218
13615
29655
18957
36946
3333
19977
37084
38626
37723
9729
37620
32670
13857
4139
5742
32590
22741
3303
4308
4111
33956
47960
32120
21177
36403
21419
14805
10744
50095
14759
16825
29443
16540
14804
39692
10428
29051
29056
26624
47039
3793
37845
43399
37434
3224
42954
13940
27489
33125
11708
20366
45327
36549
29966
22096
49853
14058
47799
3345
10648
33398
1530
11005
32588
36892
14442
31902
22107
23302
24514
20960
8257
44076
43278
43354
39099
32253
45279
47130
32089
25177
49806
10088
40559
9134
31458
427
25294
25095
35587
14092
50143
24295
33837
33466
22016
29414
15578
24279
35816
25934
25735
44423
8626
12950
18638
48227
25215
29374
32707
24399
34351
44785
4054
15849
3420
31531
1291
47642
32791
8231
43619
29669
30356
34820
815
37419
24962
45787
27121
32198
32601
32511
9047
22542
14475
42810
29104
19477
20489
29850
27477
4305
37737
40057
30202
5293
26608
47701
22544
14541
44747
25468
41239
29313
27908
10715
24134
17123
27211
13372
19956
46311
19141
20255
26138
33116
32202
16516
9772
15746
1655
45502
27965
22195
12865
18446
32037
33502
2851
38921
39810
14486
9317
23387
20130
48198
1389
47874
997
38096
43302
44223
50074
47263
12274
45241
47020
7645
46169
18775
15743
25163
50999
12413
35312
26822
2276
12073
29491
26781
13793
45810
20395
21940
22516
37854
7599
24216
24415
21204
22436
9448
50282
17033
16774
50597
38136
47732
25669
45843
35015
46001
37459
31936
31727
33251
12336
19950
32125
11387
13582
48601
20748
20644
39207
17648
8254
23193
13291
25772
9323
21465
17374
23074
1315
17460
44181
9726
47828
33281
28484
43895
25812
29545
45345
36600
25167
40192
26637
28496
20873
26016
14660
14939
30198
17724
32233
10303
42466
18569
42837
43841
48096
36227
23890
44501
33975
26963
43963
45591
31406
25718
3276
5751
22482
14310
33929
47587
2881
14165
7318
33770
29975
26048
11530
3032
26029
9942
45260
48862
46615
3808
28408
3831
40165
14568
49153
3509
3694
17821
21742
18985
9286
40304
41972
14697
28527
48092
21494
42633
28457
2791
20360
9795
10731
21338
37335
43476
42048
43421
28613
16999
2287
24908
41082
46155
3581
23892
49085
13463
50846
30637
25421
5318
46109
30418
17492
50144
27512
15536
17488
12197
29183
41240
33737
30417
20199
32868
16378
33077
13852
21660
33060
9289
18762
30965
28224
19344
14828
25388
39031
14338
38714
25185
46333
27831
15206
26030
38947
23275
50164
32763
24537
16343
2792
38453
23345
12669
12666
20604
1232
18253
24797
50434
15248
23776
17894
31322
16115
42700
746
32433
46685
17027
37910
30449
29204
40365
31827
43588
11406
42609
4416
25156
44077
26321
48522
27951
19174
2098
25962
29712
17078
40949
28896
10767
44574
22212
23199
18513
28378
17919
29750
48540
43357
18682
1783
14823
20097
8644
21692
32227
29052
21262
18005
59
7716
41224
23806
4554
1807
41205
33578
34663
4124
20519
25743
47749
34537
8059
33183
47311
4123
28074
14775
22946
3618
46569
17049
37232
36570
2551
28308
44472
26144
30152
39322
37956
13234
47313
20522
12972
12820
2215
15788
3059
41671
9512
49509
47743
18505
25844
31016
29426
12662
23304
2140
26657
11146
14819
29557
19112
40879
34175
26765
26083
41672
30018
2370
19474
14434
35939
44455
13745
22160
27544
14785
29016
25309
47217
46538
25041
27666
25472
26226
27541
16645
16579
12290
31923
31802
26702
36310
28283
10197
19035
2185
14669
35127
7050
17324
587
40719
40711
49245
45722
41214
38385
46135
43629
48010
23512
38741
14481
12340
10415
30862
20964
41259
26049
34839
39965
27031
40930
2211
3240
19354
15663
1213
41971
17873
41975
31444
42336
16499
40454
19838
26782
42903
20245
33570
28344
50217
24990
35444
24630
31656
19155
34841
29044
4372
22753
23948
15467
46595
24315
20052
32408
23269
35336
36054
44140
4021
38168
28458
40534
18727
27053
13735
18147
39876
26408
36088
31250
38137
26128
16550
40736
44791
44306
29292
36236
15301
3290
3155
4306
4300
14001
15831
48373
36114
23564
7744
29506
2598
14278
44885
11384
46834
50779
18543
435
34544
29744
1823
49731
1245
15517
4407
19087
34466
3306
29041
28030
32610
44363
41186
42764
43873
33756
33629
22886
24634
40747
13277
12192
41722
18897
18210
17868
42306
24340
47118
45311
13284
8051
27794
50082
44896
36583
51001
36149
10245
16097
9190
21463
28874
15080
39193
48190
10463
45340
31005
22769
34280
13451
30317
34788
47013
20218
26987
34334
18717
21844
8068
11790
36324
38644
49717
10107
20167
43766
41921
6368
20026
29256
37448
21663
50025
38398
10207
33954
3305
2059
26241
49179
25768
36831
36781
30588
18974
1619
4630
21857
47930
14182
10024
3282
24048
16510
37326
37171
36285
19629
40746
22809
44718
22353
36280
9254
3774
30675
35675
43463
22027
21732
20241
39352
22011
45913
23667
3207
38622
28235
21410
35091
24907
15750
25989
27553
44224
11850
8815
12919
19862
28619
10502
50274
21680
28317
34449
31939
23108
2080
3435
9786
33838
3321
23039
26764
32431
18709
27014
23798
33679
14539
8441
37199
17240
45079
14418
4180
21709
41075
20532
25272
35975
48052
14282
20309
39086
23869
16585
36795
16247
43388
22001
13288
36175
37939
17028
29519
10324
7926
10098
28530
42475
47400
50019
40540
47299
23737
22491
34442
28672
32577
33041
19101
23255
36568
33042
40446
27354
17949
12060
9115
527
8785
28189
8263
46344
24189
9428
47821
38601
7989
36520
44875
25967
21155
2440
60
23708
46610
23135
8046
14534
33057
36613
9139
44272
47813
11690
39010
19384
28668
18457
50177
36300
29391
31342
15034
39091
40271
10458
10176
26986
16421
36065
23428
34919
17236
36439
24566
14860
14817
46419
38559
21962
11599
36751
13949
18628
49030
9447
28339
14549
23058
33959
41420
2357
5967
24401
48511
40068
35256
22393
12300
9124
42902
11186
3231
49842
31853
36597
36117
44298
27487
31115
32581
32007
14480
41663
34434
20552
33579
8409
20579
36409
29344
43401
22652
41968
42635
24664
5875
39685
26898
5659
48627
17844
3005
33921
15398
19805
21182
17717
21576
15009
40205
7193
14793
17936
40616
1600
30324
44544
32354
23098
34775
15446
20986
21835
7566
39051
35324
26538
25351
24030
7162
50277
485
34480
31023
6330
15939
15415
50052
34692
16065
5237
23418
31523
14323
11606
38946
35750
23240
34103
11042
44235
44594
47264
42386
18761
40292
34707
12999
25395
47555
36365
10709
46519
44358
37110
15859
27715
2995
22539
45027
40141
4007
16000
28323
10466
41618
37301
10043
21623
34259
26694
37914
1013
38737
42402
34397
38818
20530
35679
41684
36702
32696
40074
41985
12311
4350
32873
13600
33755
17574
34381
30861
11147
20071
11808
32508
44273
17089
50213
12172
2785
35145
41269
37263
10049
50226
27785
14433
1070
14042
21736
25781
10601
13841
29382
36516
21059
20572
15389
31310
43007
43804
33747
18754
47495
14694
31307
21820
27040
33972
27015
19392
30230
21582
29604
47706
22861
30358
32457
23959
13835
29008
34832
24541
34995
40878
10225
3242
28607
35404
1317
4032
4455
24766
49947
3702
42307
34702
7783
32026
32828
25367
27001
9491
49029
34803
46883
3511
1841
39860
35173
1608
48065
44152
50860
22300
10482
50016
25455
28138
19312
49158
9870
16371
12770
40073
36628
27447
10202
33341
24769
17561
23150
20894
18606
33659
2506
30804
32944
22365
23046
27475
37508
32380
19398
13814
17444
11451
13338
34131
311
9069
23877
41981
32377
14484
41976
16990
10531
12615
46543
24728
21159
8847
46598
10571
27606
28063
12958
17317
1146
11682
8260
45162
16134
44033
31989
32348
24866
28062
24378
10397
30518
12206
14393
36022
9104
13042
13286
17059
42581
2431
29879
27451
4352
5509
10257
26863
9771
19439
29201
2333
16608
15443
35373
12668
37519
49261
30315
29322
9059
43988
46199
26705
36206
