3007.query 50993 2231 10757 24488 41971 3072  -1 
3010.query 11164 26763 40889 8674 50850 30002 14687 19768 16743  -1 
3005.query 21413 14636 1551 23840 43120 29686 10752  -1 
3008.query 44394 11408 11886 12665 19174 16743 28508  -1 
3001.query 8570 27960 29978 3015 855 30574  -1 
3013.query 35485 44198 12513 1539 1655 31702  -1 
3012.query 1484 2515 1164 1135 8594 596 40889 3015 30241 14452  -1 
3016.query 2280 31665 26763 27631 14645 11199 2690 2923 20646  -1 
3015.query 44394 9715 29223 5580 982  -1 
3004.query 38988 414 13003 39168 28300 42680 2231 10752 49643 17952 3072 25607 978  -1 
3011.query 15605 2515 2594 37009 21130 49029 30105 36182 1416 7145  -1 
3006.query 38193 11408 21774 14636 8608 479 844  -1 
3009.query 10757 31704 23113 7312  -1 
3014.query 2838 37742 12085 491 2777 50302  -1 
3003.query 44054 30988 9608 36531 1416 15945  -1 
3002.query 31245 28672 22368 30002 11727 33064  -1 
