4064
1092
31005
32770
38093
2479
50058
10629
14985
13709
16372
49734
30945
36708
1215
18838
12160
14422
15445
1649
19438
37586
1697
14945
5875
39827
17551
28374
26533
1269
31256
18175
38926
25757
8256
18225
41881
18775
37913
39253
3367
35966
39331
7212
44782
7538
8153
34537
19091
15398
23228
36016
13507
13115
21950
40292
7547
40359
10324
33499
3270
2264
45795
8816
4229
8891
18430
39197
16444
31930
22730
35741
20393
16891
35708
2701
30246
33386
32836
27856
15467
20764
27503
31166
36599
38136
43233
1071
22034
13277
31821
23241
3419
8798
23302
2065
20252
36547
17148
46375
9348
617
18589
36590
10624
885
45623
27433
22984
13880
39010
39071
18595
25676
27315
1330
27499
20739
1981
25509
723
29460
11126
24786
30133
33821
44158
1625
14025
44390
6997
12844
32219
12867
2220
41893
3423
30867
22027
1317
4054
17259
12734
23741
36014
2594
4583
2690
29628
23263
33012
43060
23719
45514
46575
30704
34079
15659
36125
36365
2136
7546
24981
41397
16969
42282
22314
45661
47009
50227
17951
26912
28815
29149
26670
33880
3387
2909
26955
1445
33383
8059
37932
731
20537
47035
31573
22752
44929
11100
33811
16730
9654
1319
21975
38992
11864
12179
740
24145
30567
30042
1205
47348
32484
31996
35538
47379
37093
2329
44600
7960
13529
40068
37884
47874
26125
21420
19132
8501
7929
22572
36165
25088
29552
26080
31801
41153
20746
15899
24817
44885
2633
25158
2417
40454
34267
24188
9464
33427
37861
18754
44562
14939
37331
11666
44207
10988
27785
7549
1169
354
49706
30297
628
29213
18484
44595
39821
43168
16827
914
40183
1027
49634
26893
23076
26145
39560
1070
14292
25768
46042
27875
1541
27634
19131
2399
37752
8626
22160
40914
40149
5580
35398
23768
26257
899
306
46693
17724
20787
40415
49999
24659
33257
15418
41259
982
16792
19519
35839
26693
24316
17498
13514
39988
28272
24040
29753
1376
29771
27631
16097
39458
15924
42306
13156
46258
19433
16381
2174
1902
32853
33632
33547
28707
17459
18880
10481
12890
44630
10705
3074
3219
21028
19051
15035
29012
24021
9500
1207
13756
14235
22978
25240
8240
4271
32335
20412
31484
3235
30495
35583
3346
8691
31276
8994
659
38975
32826
18230
13426
695
943
3232
42977
1815
2485
12525
37474
16802
17173
1158
14059
3097
36906
33586
2372
20004
26309
31300
8959
20500
27590
32623
25852
46198
36815
964
2630
6222
22611
13703
10901
2376
41880
49161
20807
16523
16854
38038
11183
21030
12297
13782
1664
8594
41354
3843
39700
33595
25967
12882
26444
42880
12972
24875
32366
15723
34612
26898
3136
9224
4195
8669
14377
24315
17206
16090
9846
35943
24500
30004
18112
38907
28572
24311
14929
10597
40766
3403
14813
5293
16577
36206
16050
10279
24975
10401
46139
42142
26103
25744
22768
22292
15408
15325
47384
13415
26165
3053
15282
2936
3185
19830
15217
37970
21586
9581
1499
1659
34674
28319
45111
2683
5742
31936
35066
17221
18204
8655
2076
11855
11318
23135
30434
34309
43523
1250
25346
26768
44543
14530
20786
33466
42830
29906
24830
39052
8324
31637
30997
19012
19906
21936
37301
28482
742
27536
11982
25845
38533
30208
50090
26594
13619
32641
24514
18524
37834
3104
34183
2281
45557
26298
22642
40650
34006
27313
17816
18451
17395
15776
1704
22776
759
26147
27455
37777
42336
33924
38834
13735
15539
38861
19911
23685
30454
44017
13747
32866
46079
3123
6368
7931
3195
30915
35441
17684
28459
17234
3282
17744
16098
570
4188
8067
16684
22351
30186
14999
34352
35912
21884
24769
28566
14888
24401
505
21511
7839
11684
23964
31893
11748
2247
27277
19850
9550
18638
2818
35524
7884
32031
10498
32170
18365
35628
124
14441
25326
29036
34280
44299
22751
12507
7816
16810
45351
13298
30114
2085
33852
21835
19641
22194
38483
11724
40205
5318
47622
39599
19859
49109
40074
22368
19176
32563
49250
24432
25819
32701
18908
21820
8662
8946
441
25704
1867
16076
20208
48429
40933
47146
23781
34552
31656
23068
33198
13966
29679
36078
20455
3245
22692
31888
18325
12574
25463
30163
1145
24114
41972
47706
35898
20262
22593
36092
1301
40150
37157
49637
23944
30079
2980
998
33042
20986
26252
10329
9148
22759
10984
24788
2222
19552
1847
3025
652
23309
2934
50862
1294
28418
49715
14914
18583
12937
35703
27797
2653
10944
42125
10731
20059
20673
26759
15667
15928
30011
11623
34112
49961
24420
25135
27068
37625
18802
2067
4080
34840
8231
39447
2950
17690
27451
24882
13130
38357
24429
16228
24832
25741
1307
746
24496
24112
33972
35980
17561
10607
21832
30656
24019
2902
34002
392
32919
14748
9856
1396
22880
17433
29305
47032
36096
16449
27713
25607
8037
42404
35855
35057
585
1213
1067
49659
20015
29654
35654
9286
13181
21882
25374
19957
20073
46155
29099
36545
9503
15578
3051
22437
12741
12456
41921
14205
8255
12252
38089
9512
17697
50152
13397
42656
11658
23992
18563
47374
19136
28653
31794
33764
19300
39765
7949
25669
38061
26782
16374
20864
25592
34412
25949
962
20575
31582
17124
18728
27937
8293
13682
3383
2722
37308
36532
18495
29932
2525
14768
8870
28032
12336
19123
29041
28142
38096
29169
11579
7347
24854
18088
10669
46373
7842
13589
35663
28742
23088
16849
1855
1196
30089
34442
23424
38135
41987
40229
50179
39099
24249
1265
33060
23355
27514
10131
18397
21856
32418
17449
973
16601
35822
25050
18181
12285
40003
23928
7674
43064
39334
3269
24990
27849
36079
950
9717
7694
3449
14474
37237
14481
9786
28156
45211
10900
39298
25888
16737
725
23453
9603
44152
34429
20460
9415
40889
15544
21829
18801
36248
446
18759
21569
8826
25163
45529
17572
10493
31672
37336
35166
17574
26345
37350
42420
11044
36168
25974
24365
36921
32152
28829
50300
19372
2644
10630
21716
850
20238
44899
21828
15750
31326
40763
7879
9241
3044
24270
23704
43864
12498
48510
34703
2734
29198
11519
7912
2074
1299
32931
7886
12132
1252
2919
44224
45235
7956
36972
12866
24665
47504
4158
21209
42052
2409
1159
1254
24446
47345
25981
2283
15034
35216
18262
2694
34045
45787
36831
20656
42356
3963
44451
19233
43582
13430
10769
24553
46365
41025
23890
20532
28296
41868
32771
44423
25230
3981
26254
12340
10345
20596
14683
3381
20250
7771
27444
25156
39727
50044
42470
42667
42104
25934
13787
18774
36563
12077
28827
21210
15415
47957
19518
9238
35074
17335
1350
9209
16747
46754
36491
8495
1564
31137
593
23675
9889
14549
36225
14253
1971
21156
18501
27882
1870
29315
27646
38947
8473
41577
7566
19382
1715
7494
22582
5237
19688
31578
29139
30439
28982
43304
41758
2449
1480
17089
32601
2951
28859
23737
35696
11440
971
13108
17743
21113
16416
27135
37941
3313
50026
16271
33885
12578
32339
25445
10355
15444
29008
739
22736
8862
518
31176
48297
38487
44501
1010
38734
17709
16731
49732
11726
12406
25587
14423
25197
849
21385
9159
34663
34125
19496
1366
21684
1581
2952
24329
24149
8990
976
40558
2033
2022
19153
42450
21419
40111
32008
24872
17863
331
19117
12073
33589
36380
12615
34379
17875
35093
3463
1112
31447
32485
16852
35659
3319
16323
22733
35173
32458
38785
39183
3675
16678
3404
3712
3277
31878
10614
32725
16527
13818
31322
34504
2554
14645
32195
21771
29805
43388
32697
10501
32511
9436
1997
7703
20348
10018
41662
25765
41586
13026
8143
880
16796
25001
38787
23534
3230
40083
2767
28350
21934
11108
1602
34664
27748
8924
14108
34760
31295
24453
22139
34931
33030
28028
6987
30825
49179
14009
26915
29182
37329
36224
24458
2017
33359
27749
626
29153
31584
563
2817
18788
9367
9716
22185
22333
24586
26525
32526
30850
45030
43638
4185
31209
49949
27659
2729
22873
43054
19702
34702
28501
32607
41098
23214
16761
15825
25917
33545
44028
25528
39501
51176
23678
2430
13337
45719
44214
11739
41032
3592
42834
18628
39751
37934
31949
29065
46615
30464
31746
18818
27720
28080
8007
48003
38179
1598
16481
3331
44020
25177
20505
17027
10049
15622
51178
2966
20649
36285
22001
17351
43357
42709
31892
2865
26536
9347
29623
955
37039
2291
33836
2236
18045
34043
41981
1985
23075
16699
28497
2094
29627
34065
753
11194
32065
22077
3615
2381
43978
23913
14804
44796
1575
2307
8712
39902
41905
34675
769
2308
14805
27562
43007
21972
29992
12618
28660
37116
30341
28244
401
35425
9766
48738
5408
440
1267
16941
448
34272
524
18334
43347
34933
21402
2533
43629
1975
8072
37776
17262
10037
1434
31534
31668
42859
25603
9079
373
42936
15438
34787
40326
31420
36249
30946
20800
43989
29449
26134
27740
22911
29177
20641
41983
3902
7611
2832
49499
43841
21005
29524
43866
42253
11634
25745
43038
35953
33877
39502
29469
24261
33070
2456
36069
8354
7612
2519
49880
14534
15119
19298
22841
2302
22928
50354
15348
9504
20747
3183
31711
11664
775
24907
14163
26316
39385
38522
11992
20941
24354
417
7533
10719
22137
36739
3540
1014
45852
3738
3144
792
46001
33649
13099
11890
23898
11731
2587
1829
35851
27342
7928
33927
13528
36863
50081
50038
45770
34446
22908
29730
17950
19765
35920
19439
15579
40195
1392
35821
28736
12400
44790
23492
15740
15200
47039
4244
603
29860
31251
46212
36352
18523
19444
32296
1578
7868
48878
1320
48825
21670
37217
12083
41029
32773
1944
616
834
19440
8202
20204
18266
44482
3007
22680
17620
42092
28329
31395
3002
34738
3460
38353
8112
49704
19629
41320
14849
17113
25596
33893
21245
842
15531
2838
5476
26822
32119
33024
21251
13018
33531
1081
2710
833
23577
20911
24959
23178
36138
15359
27328
33740
9852
45019
13283
2932
35403
20775
3094
32050
33567
5163
37068
13910
43784
9659
25738
41543
10510
35264
32154
23066
12506
28409
28421
12494
19448
34203
13778
2038
12397
34516
22977
4350
12501
45895
9251
28323
41950
15718
1962
34277
37768
26175
14084
23742
23258
25740
26756
35258
39279
32153
12865
19680
2973
19628
20152
18367
35970
17639
26427
27352
8820
34767
14704
48092
2339
44118
10700
28508
9649
14732
17354
12002
11398
2475
27609
18930
40392
35208
27312
9036
50053
1461
15978
37037
1850
1787
3062
1976
28458
15139
21393
45977
1183
35330
36192
12021
33193
43358
19868
19264
32832
10332
35272
35479
48870
50160
30524
32892
41766
16615
3299
21114
39126
15598
2666
48245
815
9211
24485
35854
2685
3134
36213
46439
25637
11050
2396
33787
35664
19726
33183
34156
38469
27964
11707
48065
25388
31298
14833
38385
23845
15128
32390
42429
29322
4102
40184
1012
30323
13252
10168
20508
16537
40637
12405
45264
9607
21294
34959
26788
36195
11144
33456
28816
9369
28532
1785
1788
28751
5820
50095
16850
39876
49371
25148
32810
2597
50059
17223
8099
13587
572
32535
48662
19650
2009
39326
38187
5242
40342
27246
908
22656
19950
23680
18402
29707
9608
24523
1960
14708
28651
3334
50216
18876
30066
45112
15044
24587
3227
39785
40446
13359
1257
43359
7924
26151
27245
3971
50205
30264
2131
2031
26880
45635
50074
40167
9567
22356
33878
1194
341
49084
2627
24032
16107
22568
7444
2960
10169
16000
25508
1567
1061
7692
35520
30199
49973
3917
42779
4111
2471
26239
42577
10689
27963
9471
1448
24307
33820
31480
29122
35738
1551
22750
17226
16798
23108
23005
29189
27269
17161
39696
19334
41399
28551
36656
3005
9313
43354
25371
11406
3015
14819
29855
40818
2057
34380
35971
38733
41684
10400
43105
916
8434
15984
25952
35390
27664
47495
12408
26120
21669
19752
19344
22571
30258
7264
38039
44240
49300
18352
9948
24545
668
7778
19093
25306
12081
9963
1663
49082
14761
32430
29604
13746
30588
1825
33915
16461
2929
18505
40141
35805
24296
546
23803
3100
31023
17435
31265
24312
26595
41285
18210
11176
2218
2959
45913
47830
11678
38055
886
27709
1814
23473
12685
13202
38818
34003
34467
42289
32128
24519
3139
1369
40085
16538
30565
19376
4125
13737
24340
35882
45810
897
848
33853
18681
38459
2206
12402
12274
36570
25697
34742
29076
23919
13968
33990
10245
19993
20985
24971
23937
9570
28946
11451
18504
37993
39692
32994
35722
19359
18176
28239
23467
43302
46835
18804
21020
30221
20646
8697
18439
43229
25644
25523
45796
29669
22655
18380
31991
41269
43110
41184
23776
14278
2086
23559
27372
31389
25921
48152
4202
40495
24838
14687
6999
41313
10842
10709
8129
534
12058
15547
2503
42862
12268
31272
7803
967
43617
46461
49925
10730
23847
33538
28213
12399
11078
33705
18783
19574
10035
4007
10992
2997
37193
12655
19384
14348
12205
29927
15595
41613
13580
2042
5797
19103
2564
17579
22858
32690
1841
33886
49261
17294
8987
32431
32838
49959
23517
17292
18742
19241
35408
45554
7989
38071
44485
15249
24497
41155
35750
35581
43235
1772
21310
48100
15660
29129
46048
36053
3455
14102
16842
35796
8258
16784
38988
41814
10968
26113
13608
27666
27255
48190
22276
38015
15613
15693
23520
4341
28921
11685
34726
32944
37492
1574
8795
12415
13189
12910
20549
27637
19987
42054
1756
38632
18014
34698
1333
18652
28678
17532
16492
23500
6330
31424
2000
40821
1548
48827
29200
387
8327
36669
3386
43861
44674
44542
34474
8345
47822
33618
26980
28317
23146
40168
32525
48096
35735
25228
15289
25069
29462
25583
23459
40905
45843
35378
45994
41176
39440
14351
2491
28304
36243
44093
29438
28344
19994
2235
2234
20147
15332
2108
27048
15388
31580
39250
7663
16435
31898
8418
4676
31316
50088
33158
12986
10957
35313
23098
28528
13042
23868
28752
9218
21811
516
33338
15297
29981
39585
14658
18656
2725
18347
42262
29647
7182
47095
24415
44456
12133
12740
36037
15073
34680
22882
48718
12129
28807
22740
27124
29750
14972
2860
42214
26635
1615
2846
17429
25066
21072
16764
1816
1949
41349
7463
21893
9102
49153
12072
29247
37346
35939
11893
35401
37177
41225
9613
17586
8040
24419
46447
28328
13095
7722
16658
22023
46068
18985
50165
15735
19463
29838
10276
32011
36257
33957
26770
27765
10415
24691
1102
14128
47320
42225
13634
16590
44517
12566
40540
36412
30048
27090
31012
41732
38453
7952
51235
18927
41475
27320
25924
1484
19308
29599
19212
44071
39773
36170
32554
7176
21133
42128
14840
47702
8460
8401
36176
21017
14518
31763
24378
40207
1937
14079
7700
42680
15343
3420
16875
32466
31072
7432
2786
37488
17766
430
21046
38510
41170
30552
21503
35740
17240
30931
12282
23984
2272
39569
8254
655
21502
1723
35236
43996
1860
36084
33620
33154
20676
37317
26807
2872
10092
43120
26452
44676
11886
50245
9244
22852
14694
14605
28412
7271
7542
18346
23429
19839
30362
34828
20061
24686
25340
25492
29752
21083
9467
16365
31820
2335
1803
1583
31367
14065
33865
19486
20687
519
50128
17104
34705
35200
379
3388
14069
34706
42265
49731
46856
9981
34679
1303
28530
29222
33369
14887
36403
29052
26016
20158
1609
35399
34368
39011
34691
21191
39753
25355
36857
29045
357
18345
3793
17467
1806
20469
11387
22652
2994
2499
18971
1896
17442
17971
43401
15015
30289
25460
26270
22453
2604
5688
13393
49093
44062
12619
34639
641
9098
45585
6337
28361
22778
11794
9434
23729
20664
29221
1917
2800
20080
602
49515
14192
9732
2380
19249
13852
19902
3265
30081
20069
27126
21237
44449
33251
36277
38494
24377
22990
32480
7705
44187
28904
34171
22256
479
33566
21977
23681
41274
21095
4257
33774
18318
2001
517
13324
19601
8449
26764
33285
11121
27082
16868
44613
29632
14447
43979
30165
9734
15561
16701
33372
30952
3435
48934
27606
50046
3261
39915
44481
27071
39303
43128
34894
14340
26797
22748
1210
2420
29987
5342
17934
16989
43063
17139
16698
21122
1876
47412
29183
25813
24608
49355
29024
24225
9675
50082
8191
49995
14606
36976
8150
23957
25496
47544
24577
23549
28484
32403
21387
34365
26591
2424
24825
10825
2459
26771
2572
23651
42476
22229
9798
23255
22035
3518
13147
18891
3621
9648
15983
24116
35793
38613
311
919
34975
16951
8100
48099
36371
38478
12085
2251
9489
44162
2024
32696
30807
30241
2535
29374
18662
37042
2066
39971
49085
1527
993
34851
36709
30272
3396
2989
24147
1462
9715
2750
16408
10089
12395
26139
12286
45449
47799
1184
30576
3567
7553
25793
23427
30198
24888
22075
13877
2439
12928
1724
7469
8170
39409
19207
31608
39634
1818
44208
34103
28333
27788
31207
34768
35386
14054
9653
43597
16902
27908
24833
10084
9303
21312
43444
23748
43241
35477
2801
33260
34480
38208
18597
25376
36318
1238
33832
40143
21177
34761
14198
25735
37825
34131
35956
34616
13339
16343
42263
13599
17733
13919
17033
12042
36049
17097
16861
9881
15964
37989
50277
34918
19306
31130
27541
32896
30098
32534
34174
15991
10947
23900
17275
2210
47638
36196
34269
41888
10541
23780
24046
21619
27053
38626
31615
28020
42516
16987
23062
2570
11417
24222
7809
36142
41021
27799
15292
46151
41306
28950
10537
17012
27958
33474
33574
11426
9460
21929
1768
12076
33659
1404
23440
10853
16450
23775
28298
27448
42078
32373
10948
49620
36781
1684
26358
43773
22687
13313
2259
44557
40172
3430
36342
22566
3810
1266
1030
22319
10136
41238
22683
10490
33984
25379
1096
17293
19407
34176
34545
25174
7274
22224
20359
50284
50114
14817
11908
22775
12233
870
21685
10654
34863
3502
47533
17283
34257
29535
24650
31693
9626
26959
15830
25707
48395
2561
31483
2837
15668
586
24048
25433
20188
14475
32433
2899
22747
36447
13193
4025
17107
24144
23150
13812
32468
3209
2497
1009
26238
13183
17717
37910
1604
1421
23487
23783
18341
45724
14237
29428
12581
37041
1923
20650
15981
4416
30839
13504
49702
7602
14246
11037
24119
20293
2368
8872
1002
465
1656
26046
1033
802
7712
16975
39485
18351
1171
8001
37225
13174
30859
12237
25839
1318
44001
20283
1247
2762
2023
3995
9328
50250
28311
38062
29621
17648
1038
1807
26011
47840
11384
2772
39187
28251
19652
30408
12563
27971
44727
32900
609
14442
33921
13105
18047
14115
19636
42700
28534
47387
30802
22455
9633
17422
11139
915
31408
44566
18036
33034
32844
25493
15512
29651
37295
710
28710
19133
37186
10098
26602
23530
23670
8139
11697
25372
49993
18571
29434
2184
39583
28932
24337
9779
1098
25802
24919
3824
33144
1874
36512
12125
3490
9858
49526
1140
29023
8023
50195
29414
1015
19087
9109
36977
17239
35761
26834
37883
612
47299
33701
20863
37988
32518
32823
37269
33077
45467
37774
34376
35560
30218
31876
17230
18500
10515
16839
43399
1889
1441
457
29013
27530
46550
20547
47452
32229
43255
605
8450
45962
43766
29146
1016
16657
21214
28318
47587
27354
18026
20644
13678
780
738
35234
9062
979
27013
1337
41224
35353
20395
4048
2876
37321
20255
38034
12044
21535
36572
26255
2356
17053
434
9566
34811
35785
29072
21074
30638
30965
46883
19689
6707
13114
9100
14057
3905
49684
25722
31624
17098
18450
2390
22195
8650
25835
16400
11146
30831
16508
40164
18648
9173
47204
12269
26975
20590
21606
44723
23752
7689
20282
15675
19660
11034
19842
44321
31228
3064
15886
38714
705
1164
50172
14722
1918
15679
654
13069
49481
39299
3292
18937
38803
15565
38270
24471
25995
38579
44237
19417
12344
22315
45602
36644
3952
33107
31819
48803
10653
23061
34513
17880
47561
49414
49509
40938
20084
46610
14433
44926
34614
20866
21219
2423
23521
33524
32122
32332
30115
20414
666
48025
26861
28529
32223
23869
18897
21422
349
27067
12080
21044
32833
47865
13054
966
34935
12311
26321
27548
27089
16671
9884
21424
44343
4197
1251
46109
10076
49151
25042
22612
8844
18909
26523
12193
1097
34654
9071
3036
34197
35647
25903
31736
31865
16209
7578
7892
2948
32194
34316
32148
29665
23131
45017
24747
5932
48204
9059
17182
16630
19633
16542
26838
805
13786
32508
36390
24889
1990
33209
34883
20254
41168
23758
11038
32566
31682
25577
18513
7531
3162
24540
47263
18882
3294
3332
14566
35859
34235
41503
49935
15143
6749
35779
30762
7688
13973
10316
11941
32448
13334
20918
35212
26210
28086
35979
27671
7805
21560
17224
610
27881
24770
25416
20571
43633
15795
36615
1878
28069
3369
41251
23927
14480
30000
27376
21961
46552
13940
2014
33295
24960
23107
41355
7532
2426
19477
22071
15655
39738
41975
16545
14236
47081
1783
2408
33394
23977
33695
1657
12950
30175
20377
45601
15708
1435
16159
15948
1076
35676
33725
31393
41518
49832
14553
25958
2697
43214
37626
31520
907
46047
22245
35975
33293
35179
444
9292
23636
37501
21767
35199
32812
2740
16510
18475
3264
39139
44805
2688
38558
19605
35405
14775
43641
33954
24289
19554
23006
9449
15441
2744
9285
49842
16057
3914
8738
31471
14785
27199
34354
4212
8169
32928
14693
39059
1608
35666
26286
30586
30763
1875
9803
3929
31680
11104
17366
4124
32652
13352
12647
10799
251
18116
41715
38154
24501
47839
12999
1673
44587
9427
43758
43878
8433
13085
10006
32139
2652
18517
20072
3153
996
3813
15728
47864
22946
44426
737
1877
2797
2726
34661
33057
37129
30061
47030
14470
44741
44791
9143
37629
14175
11006
41205
48246
19355
34820
8470
36157
42618
1629
28417
1654
12521
2196
44427
17902
28181
502
1534
35190
941
26754
9990
1063
8061
24504
31136
27230
23297
523
44448
14445
2355
44914
28794
32254
50850
19757
12497
25957
7866
12199
9498
2510
34037
5729
2578
12134
31084
24265
34207
646
471
24878
8864
21207
28330
26986
29281
40256
31824
17159
13785
18724
34074
721
2870
7807
22119
17993
24647
17051
15743
15990
29225
340
16774
29985
15945
12086
11399
11714
2784
30294
11116
13173
23983
14733
17384
19833
41427
40711
34273
17443
43742
29391
26056
49822
33578
25164
29520
25033
31609
41985
42438
12023
7693
1429
39538
12675
34179
30468
749
15560
19718
32959
30064
23126
5988
3263
42750
29519
28525
39602
11072
1576
42902
1678
15823
49376
1197
1507
17452
10320
16781
26504
27083
16733
39302
26496
23421
26700
7820
10907
39051
36848
23798
26694
45241
25239
38623
38582
44746
5967
25475
36036
40983
15574
1837
23926
18005
37322
20858
2996
23876
18099
13332
33859
49797
19793
9375
25925
38851
19674
31792
1959
8403
2107
46265
30553
4090
1186
41135
11624
34855
7207
901
37940
10340
11403
7681
9047
31262
41618
8896
18092
15389
19823
20314
24811
20045
11031
35823
24703
44559
893
15188
3214
20818
3006
48010
14906
348
11889
42888
378
29503
44032
27487
26763
42704
21818
9898
44516
49097
49723
47314
37505
1792
426
27561
20052
31000
31622
31989
33874
43435
910
47281
369
16612
32120
1466
7740
33027
16234
15617
9249
30559
18107
14117
17583
40453
27254
26048
18157
42016
2551
26308
10718
18328
32380
49418
22228
24819
40944
48198
14751
31239
23050
38146
32035
15345
31227
37127
18405
8107
25601
3090
10081
7162
26170
28342
34741
11854
28668
3431
38479
38094
25175
13345
4290
20932
45184
44964
41226
33328
19304
17249
24554
21962
11976
8417
39541
42473
28133
4071
27567
13935
27491
24350
38202
11103
17348
14346
14137
39006
33797
50164
30275
1167
13932
36106
16778
21666
27896
11704
26083
3365
19235
34841
26067
4451
1246
50041
21481
2114
8212
25167
11928
30179
12826
34479
28730
9763
17167
43822
1516
31364
44627
351
17446
1399
24908
34707
10391
14093
38118
34436
36272
15287
10398
19314
36152
31297
23516
26408
8909
14714
22393
10372
22975
26317
5645
25328
26003
47948
35872
50754
26416
12416
36297
23841
21608
3728
7430
21118
8675
7744
36442
36211
29813
1277
42797
18494
24989
1152
26005
33889
28883
11738
34528
45801
31129
38308
21478
49671
17058
3240
25141
31338
42482
32364
25698
15642
29144
12961
25774
18528
42671
12419
9658
15400
18935
42921
35243
46088
9134
26798
37956
23485
19642
36744
49665
15182
8453
19736
19590
32541
37953
39820
49029
4965
27228
35682
29104
15684
3180
18174
35547
31399
29908
16025
35485
34652
17258
1745
7645
27921
29207
28283
42053
12709
25386
1939
35188
46045
44460
3083
29833
39304
32839
31713
19361
38108
16366
25311
30733
7571
1099
26060
39588
35218
31924
41266
42290
14861
43066
9983
43984
19798
9559
31147
27869
28422
19861
34751
42386
763
34665
7443
17927
13857
10198
30121
27957
2664
25130
8250
26679
2875
22666
28214
13628
29640
14777
9115
1285
37138
8282
43021
42633
19192
36621
31303
1926
20709
16513
20270
43052
11418
4156
29291
1779
38363
3976
4165
456
44249
22131
5220
39793
46592
18767
18790
14828
9736
34265
26537
1880
26510
43983
1946
17940
46311
19571
7797
33609
44616
35545
39778
10601
636
25453
7651
40964
37312
12922
42110
29929
47555
30861
36379
186
47828
726
12306
947
10670
11858
3207
10079
34397
22516
22353
17554
23209
44943
33450
7667
33031
25425
27123
26064
17821
35729
29866
19484
20767
20642
10088
30932
27784
2304
485
322
32978
49599
30417
45278
22491
22995
28098
24921
42763
7841
19218
30853
894
41977
1072
28378
36546
515
34690
2788
20638
29814
26130
3059
30296
25134
32703
8431
23029
14354
39248
34624
28632
32619
33722
3131
47930
8188
28626
37176
49594
7479
46611
20742
20572
2609
23951
35567
8525
2388
17867
12545
36544
42307
8257
22233
34747
42291
26230
20322
35085
9999
31835
48967
12342
15046
24672
487
41712
1411
22862
17037
10377
23117
21484
10091
14823
2312
49660
24881
7776
28235
16078
33908
48860
7802
16519
23223
7470
30862
44694
23934
24509
10639
16604
9935
8977
25129
30157
45258
36245
31764
17873
29856
44026
15222
13253
21006
46790
28191
31827
49735
27614
8157
2598
2678
40137
32606
11444
44880
1313
569
31787
21692
9382
3441
39579
43655
44167
22212
29983
36332
44505
31458
17044
44452
26819
12914
19392
13068
18132
8500
10101
9771
17203
16654
28949
4554
50042
14166
4058
33278
11041
40559
29506
27466
46894
17018
13564
9911
32557
19838
16479
31594
8818
12558
656
28621
46135
36646
21001
48807
3426
4276
22679
25562
27197
17674
1126
3446
14434
3026
3045
1590
783
23151
25737
13153
21148
19715
30766
33434
22649
8392
10830
41634
29857
9340
27600
35811
713
2567
31576
2405
12265
30628
2805
18114
14455
19040
34971
23410
15211
3333
42903
44235
12958
17734
24271
3142
15937
27016
17502
47559
33720
50019
14809
42502
2976
46958
24298
13160
15409
9329
31122
50111
19033
24525
34104
29033
15690
33129
20071
24506
37706
22462
44787
14026
12037
22203
15327
8699
40408
28638
17236
39600
747
9624
14347
33169
27780
2938
16915
9164
3377
32901
13637
45825
1258
22156
28137
28312
46227
31923
3498
49238
48627
8036
38883
1345
36770
37997
25938
48522
33324
12176
10528
34187
34930
46382
8972
36505
15318
1904
23141
9793
31591
21040
33337
4143
9414
29558
27242
19701
2115
1869
18557
1632
29256
20118
51179
1415
34332
18196
2814
25624
39506
4174
25200
2541
29978
45311
1961
10805
19310
32340
679
43226
931
43647
25419
12579
16034
28232
3359
19788
28279
1726
11181
7596
32138
22909
14546
1089
48473
26449
43906
27531
7739
4032
19864
7791
28129
3364
13998
15907
26663
24624
9069
16904
24174
37744
33549
9820
34068
40125
17870
4268
43504
30578
20367
19883
36048
35944
16803
43476
22461
34944
958
27633
16853
27262
47196
39156
2636
14747
9902
7400
7510
37750
12457
34149
10951
42890
35563
31455
32761
9485
40746
13616
39037
13137
2270
13629
7759
10463
25753
31826
37772
46046
18457
29152
23621
27569
28945
3735
19900
38137
44549
2333
16452
32561
34523
50452
42701
35344
8910
906
7466
29980
24715
21010
14485
37325
25797
29223
1908
34701
35879
31179
37736
4455
3021
19493
25786
24013
43482
16665
41314
42609
8398
18663
25579
51170
17699
19209
2254
9103
3352
13674
31658
49727
22352
9191
2619
2853
9824
10521
23430
14120
39739
8988
2223
22647
19844
49589
10257
20137
28274
3616
24781
15951
649
36268
13858
26541
19452
51171
13306
992
27403
22365
3398
25467
23857
9158
32412
578
43644
9908
2433
25959
18977
3017
33738
17382
1064
13908
44455
41710
18454
22010
32056
43559
2681
25075
31962
44463
15801
2923
44998
49020
10171
25752
35265
17868
41382
29896
35239
2260
15606
19942
40635
34539
3528
28348
26863
37072
13814
16748
31390
19977
30574
48808
22478
3303
3847
8422
39429
22423
31579
36567
25370
28309
32976
24499
776
591
24541
34749
3335
23183
34435
26530
20481
19584
38985
37897
25407
8194
28021
1644
33929
46711
33834
17824
44967
26566
36346
9561
44013
31721
29835
7984
31465
36589
22648
1312
37393
32022
23774
23522
36776
19631
18625
26702
31231
19811
11186
17896
12858
40951
33270
20146
28896
48399
38573
27965
1248
28483
21073
41683
35039
43982
25402
40567
16848
3193
27636
31765
16109
24268
19228
31592
32385
14229
34599
36470
35359
29662
25219
43243
17215
21747
40848
10989
27517
28879
40148
21485
21311
23575
45176
10347
13151
50023
12272
20904
2631
7581
25840
32621
10558
3363
31942
17432
28712
9312
33502
1326
38480
38709
8046
17317
672
18409
25627
44912
47610
13502
2495
30577
20509
27771
2144
19435
46546
23991
24869
34345
32709
19353
414
432
11486
42657
11648
45445
15567
16705
37084
7683
27565
15122
2940
987
25143
8986
18682
16318
24467
15974
26389
23713
1069
33776
46090
8115
17321
50055
34466
25293
15627
29700
50150
39227
15242
374
25285
33192
1007
29710
28316
9068
12495
23387
7161
21959
837
38167
7935
521
39518
9671
22096
31281
635
15127
14310
1503
44194
18541
40238
31955
10107
18723
44514
9181
12243
40581
45508
2821
9879
1310
2450
23800
33625
38741
16825
42495
17919
28661
33863
5259
20142
31206
10374
13291
40346
32108
29807
46029
32253
1610
24533
36349
50177
38546
33702
43045
34351
13946
30830
12352
14495
17750
33397
21540
18990
10099
3347
33500
3618
48604
14881
33473
2143
14845
3492
40455
13907
19281
33266
3324
27821
36480
48373
18366
2856
10392
49784
12641
23125
17049
29649
36692
26490
24868
13353
37841
38737
7440
23856
36778
13879
692
34067
32902
40741
48360
47340
40527
36045
34572
25908
27794
24685
10986
8973
22734
22544
25309
26461
10097
11350
8000
949
8813
727
2530
25304
31725
23669
16011
26116
40459
21129
717
40231
8003
2015
618
3339
23380
35148
18166
18606
10806
22932
22099
21709
43344
24559
14365
21241
21621
4107
12628
2257
10482
11322
22753
25590
22016
1274
1545
741
32188
27108
50860
2985
34381
33230
18582
26965
33000
15669
9947
7970
27736
42982
42308
39217
15176
50025
26639
35256
25269
26840
995
10207
28269
3397
19147
50115
2877
36179
21736
39306
37335
9046
35266
31038
30154
48486
40819
40129
41675
12351
20130
22275
1431
35295
7878
50688
1794
23093
27512
39494
13216
18657
33286
35548
41815
37087
25833
44091
30774
2769
23948
1556
28928
34676
31432
23391
1206
2576
25598
27700
4328
1175
16031
31287
501
11022
7638
2226
47655
12454
25844
14063
19781
4302
12057
39031
36658
3323
24687
11120
28996
38559
7535
36575
25830
25394
28941
37461
2871
25233
2185
3774
13308
48432
1469
33818
10134
37737
684
35424
24664
38860
41572
20347
9726
8824
32712
701
3212
37482
32089
22466
34920
43071
32198
39519
2961
10504
24807
29666
18082
21276
11627
472
7442
18822
40747
24885
10386
15244
19464
1963
12524
38391
891
21708
29465
44153
7193
37297
9470
16018
27981
33579
19008
35916
39461
1679
1052
42499
11026
8035
35582
14496
46235
20396
13251
43645
28673
18830
44948
28242
14919
20796
41671
34098
582
26161
9113
24709
7874
34901
1438
2341
11535
24623
18253
18296
33850
23345
14353
2413
21242
24816
1103
28615
2303
7609
1742
42520
4114
16465
29411
17140
29568
18172
15017
7723
25784
50626
10547
17488
21123
1358
34013
43835
7530
20873
19302
18843
15953
39523
7639
2098
15362
2365
1080
28591
3402
49169
28278
2848
32588
9800
28460
23193
36682
21327
9705
15397
15958
8391
8727
3012
28957
3060
36764
39698
37885
42987
8163
24546
44134
918
36892
27021
16948
21159
50867
32834
29154
35999
19504
31884
8996
31049
27334
8158
3831
25247
3400
1796
13058
1683
26228
46991
391
14550
36229
680
7039
31029
3941
2674
10879
36804
8284
28185
8069
12802
19761
30939
2354
28037
19102
17123
36227
47527
31388
31646
4300
35404
1028
9361
40745
12951
13876
8726
1253
15515
30686
27094
14852
14637
40213
22207
1176
35134
29174
12075
2321
29844
32282
10458
41631
40759
7242
47383
9651
29806
9433
1744
1347
31683
1474
44163
11633
34451
12642
29292
7865
27583
33300
13626
23529
8117
2606
39173
3225
29491
33919
31381
18569
29445
8701
30968
29875
29931
28837
2807
26172
38301
42471
15952
48720
23659
36741
42237
13217
37624
30433
17627
20247
339
13261
3480
32559
1111
32640
16377
37725
2972
21432
22860
30600
14472
2704
1417
11408
23600
3444
9242
7397
43149
25642
5302
7707
18564
24893
11054
677
3217
36370
28394
16826
580
1528
18554
49762
49853
27967
38730
43590
26572
18803
1995
44466
27712
49677
4553
34929
34839
4281
44758
38419
32956
5426
36672
38809
37723
11042
1661
25494
27015
12099
7481
23831
36695
38838
2002
30119
32235
44304
11993
11687
31401
45162
34070
12863
37742
2255
15293
29487
25454
22361
38338
27899
13434
44458
33909
36597
347
28852
12783
49636
856
2012
14452
19231
7864
14374
29202
49092
27113
36324
221
26706
799
9104
49340
32140
427
23081
459
2881
30124
48011
2645
31638
37264
33296
38914
40358
19698
13027
23667
44457
38190
7548
8242
27907
25331
21830
32937
27647
14262
31818
934
21206
35989
28224
32906
35955
33290
50858
22704
24966
1443
18675
17462
16920
34635
33840
35932
19059
36551
40057
47723
2703
27768
15197
43216
2916
2625
9099
7425
50079
20449
1498
2823
17374
8892
7972
19271
49342
13613
49714
9777
34771
37578
44941
10379
22457
36534
2162
32794
9444
14769
15338
21671
10956
20236
2252
27901
50239
44432
26733
2155
14896
35427
45507
24175
25634
29401
1280
19283
26772
9207
21646
35186
39325
16844
21139
1636
40995
1335
29332
6331
32545
26010
18222
7727
23664
16488
8991
17430
49744
35392
9785
3249
17231
10929
36704
19768
7572
27207
9060
24085
48371
8825
9915
3425
36666
35282
44801
13176
21085
40147
27564
20154
3172
39653
6194
39243
1470
10466
12692
43408
39689
8218
12365
18474
30130
34782
27317
11071
44130
43288
14713
840
29893
32552
909
8146
10786
38970
4070
31561
19989
24766
17383
32474
14505
16649
20309
34766
24193
23136
22188
28406
27624
27481
9496
9416
835
24951
20936
21963
44223
1468
12192
13562
19432
28607
2763
2878
8801
22104
8119
23872
1360
3181
32735
689
35576
46876
644
3248
13615
4306
24160
1036
13803
15043
24376
9545
33272
28408
41672
36506
13062
43113
37849
8847
47973
1142
7943
31697
1050
26263
10333
9139
46976
18224
29435
14793
14385
2069
19520
2810
16062
25198
41078
26624
18671
33742
18608
18964
7424
23728
13991
26013
33388
18532
35756
33125
8716
26542
3551
18831
36439
2451
11845
9372
37543
8995
40866
21623
27339
44024
1900
38424
40718
29859
18668
38500
9662
1603
671
37230
40031
45884
20762
23392
15340
18720
2089
30277
1060
43389
32081
3837
10176
26138
28527
45086
44430
28336
1500
44453
23512
3361
2656
11672
14124
49420
20983
24583
43977
25070
17110
17832
14798
2913
9584
23910
33685
29203
44462
9384
895
33716
37448
35084
21110
16553
25421
37974
37527
34374
29111
14814
1278
877
42655
24720
24516
2885
2812
3273
8845
30047
11742
31397
17948
44363
45172
16718
47774
24929
43965
46937
27863
9572
14568
542
37459
948
7606
4155
13842
36291
36946
34495
38280
10613
1523
16661
14224
42851
23877
33973
20504
28764
10336
3287
15485
38439
48858
17466
36088
9175
9125
34180
32037
50199
50167
22181
28048
4123
9867
3740
16721
10028
12919
10082
40816
33959
21064
36134
30312
21660
33876
36310
21956
33532
14467
20066
36289
2025
29047
30692
2045
14504
19303
16663
45830
21444
16051
3128
1017
16126
17421
17535
38895
29695
18049
31204
23074
24634
46543
24628
8071
493
11489
343
15285
24880
24692
9472
17218
32415
11531
35136
1660
38946
31993
43459
33580
37390
767
31585
37073
2774
712
34473
40386
40761
8841
28047
3314
1245
40062
23740
47920
17428
709
27699
49689
33479
574
43185
11128
25155
32112
16732
21261
13951
41248
23431
28681
38802
3429
16507
28976
44198
17658
30485
16349
3434
35731
38047
7570
17844
1127
28461
23785
11048
19014
49543
41265
49395
24795
27951
1239
2866
9432
12309
25812
40434
887
13925
17290
16309
38415
2083
50030
26027
46338
8710
2109
26325
29928
2880
26320
1735
8828
21269
13106
27219
1419
27648
20159
9986
23412
12666
30196
47652
2402
8485
23169
24062
9875
23663
34650
19611
2279
29392
33925
24543
9535
34576
27969
19152
41931
36756
1037
8228
29426
50121
42696
28502
35584
15849
33697
2954
1275
34138
22435
32913
25327
27278
43296
36649
19465
40732
25188
20008
17460
30871
12024
4086
33922
29301
27241
27916
35127
707
1511
18623
1753
3818
36553
39191
3447
1526
26086
423
2628
1390
13271
3078
9174
20703
16585
13663
21942
1473
27806
35308
21914
468
31115
40022
43407
43612
32407
35351
31747
20277
20937
8086
42678
3176
35312
14042
415
32953
16973
28490
1565
43889
25377
10019
24043
34667
2777
35267
25215
26429
4327
24879
33451
44667
16972
32076
19863
7630
11111
1884
44508
31849
24002
9067
37866
21891
32671
27549
27052
23556
44772
20574
19967
42775
32582
28536
21944
20556
13478
48638
10027
22539
3099
66
30499
34033
39611
1315
23988
28146
1106
25743
38697
22592
14659
28540
3842
10087
33888
37402
16579
9568
3122
2957
8887
18551
34549
36693
17183
15248
34334
29862
37628
18827
26166
1430
2851
30415
15138
2214
3345
31440
35436
15568
41808
26261
29712
10742
33452
29056
37234
3545
18861
22581
11990
5599
35775
422
32058
25915
51001
23718
29432
9475
8783
782
24560
37111
43966
2238
26885
30687
2884
29201
13817
32026
16666
16516
15399
9994
31917
34177
405
35843
27033
35091
27102
44610
23132
36431
19971
4273
30326
37489
33490
50274
45327
33796
1408
1864
27024
18852
11629
8376
2696
30878
2044
24187
19511
10483
40941
44172
38921
40890
40251
16045
7497
24806
22116
33890
20645
39153
33792
32083
38044
37733
16605
22853
18337
37134
20681
875
30648
18896
9442
38054
3028
29060
13893
44917
12248
34587
1110
30108
28381
19017
21896
13894
11980
37827
30767
8754
37198
18829
36300
30984
18133
41959
24434
26253
18095
34818
33513
15931
50226
45813
31999
24015
34670
10684
8906
32038
7640
2847
39343
597
25136
40300
35365
10507
22891
28810
27211
38836
30690
32330
12486
38127
1226
43618
35671
15008
2662
23765
1375
21304
42287
33289
13828
3285
1924
19332
18613
19503
10460
1156
31310
19782
16695
13097
8753
19474
32424
16977
24118
29569
37187
46218
13314
4139
35559
42692
3520
44649
16332
173
1416
19126
32346
2915
15625
35728
44410
2672
12629
14589
21528
2215
39495
32444
2482
1241
3692
31793
1357
30030
7914
14567
1054
15962
24279
41642
14728
36558
32277
31839
10785
25883
25869
9668
22495
29803
28476
16912
50098
21023
489
36074
3821
34503
27905
22925
1730
2418
890
2995
3721
22573
11733
25944
17181
2637
19845
21582
872
4305
32202
13219
7762
20832
48021
28155
14583
14839
15032
42546
33544
1344
15401
21892
49408
31299
18572
20535
1865
23689
33441
14333
26815
13164
35825
639
31800
27411
1019
33389
28172
17505
18894
3165
31177
24706
1838
27191
27743
892
13918
44317
42872
36763
20221
34830
33180
7860
3694
13474
37112
18382
33279
41595
2540
11741
26300
27791
44265
1101
27140
14468
48164
16834
2276
17387
44132
28022
32676
19603
45282
20350
40146
9660
335
22467
43975
24209
1888
11182
18371
3328
3196
4127
12298
44685
45799
25727
35448
35600
8152
3578
37320
25147
15570
46344
22149
1761
20480
36118
45279
33608
15854
33281
1898
19825
11437
45968
3326
13023
10915
42403
2768
35154
43844
21268
25804
24038
23981
39530
33381
16587
36496
9574
24797
2463
703
14973
18412
1688
15545
43863
26354
33366
467
24536
6611
45168
21638
27862
8942
1856
28240
19143
33839
2245
22134
30381
10747
38362
24510
2016
43974
3168
1051
25890
34169
28555
21200
31743
49485
2130
12413
38535
35555
20127
32595
29467
27365
8639
27506
2078
27577
36858
39280
4781
18957
44272
50249
24725
12500
21315
13835
2889
23351
38862
15033
35523
37223
17714
26049
28230
20097
13191
3462
1229
45498
17345
47744
21158
12238
29302
12060
8246
24030
29668
17668
25771
31412
22997
9491
23993
33143
32707
26014
1217
14407
2986
44076
44776
8871
34699
14085
34271
33447
8160
2646
2890
32580
32612
45253
27414
20114
26645
1001
26453
50999
24287
36263
35598
37553
37565
26696
41508
40282
11124
20989
865
13325
29275
48757
23637
2410
34093
40878
20662
15003
19046
14787
35132
2552
35130
39515
24313
541
3118
8021
669
21578
33105
8982
22724
50064
17005
14968
24435
576
1689
11705
25718
1823
14702
3530
33347
2148
8215
3293
754
13254
23142
33320
30447
19369
30695
19259
21336
31451
14314
32558
28448
24702
1535
32821
35411
24776
6233
5056
1148
33687
44397
33770
28138
36677
1544
25352
22836
3210
23867
43588
41971
2286
20496
17894
44743
35131
29565
23433
13902
37334
8853
10679
27976
3242
18287
27502
24498
50017
3032
2427
30273
30148
22874
3140
34431
47170
31496
16273
1409
399
10051
8221
48199
20964
15025
37762
11193
28280
48797
22117
13482
3887
34788
15427
21633
19183
601
40826
9228
13905
12241
35853
20557
4291
8122
11636
40134
3395
2150
8729
42681
2676
50579
23229
18807
18387
35261
34062
506
27440
8693
413
39049
31352
22541
17166
31418
38396
5121
3478
19362
494
18343
34113
9182
26470
36267
29402
29398
14617
1542
15557
10476
20253
43520
43405
2785
21910
8123
10185
9188
35562
33759
41240
10997
40502
24263
23528
29990
658
39685
2607
1617
46077
39239
32829
1383
9169
2036
47085
27617
33895
2288
12643
42559
7583
25473
24717
32873
31625
29437
25775
26835
34770
28277
17257
1799
45026
9012
17725
11454
16324
34208
11172
10356
10845
12573
24837
44958
2079
14206
25962
29694
30554
38668
18379
7517
10633
27220
20594
46811
35609
1053
23553
20597
3198
2755
2918
14450
22586
29407
678
777
8647
41949
33227
24490
27287
13939
40297
37232
10024
23560
44381
9919
41186
12813
37914
20943
20791
23794
12373
37303
21343
773
2670
8092
31216
48052
38786
47090
8132
37056
2010
16438
43771
13498
28994
50282
8649
16700
27437
12030
7871
30877
15309
29605
45237
1086
31002
23511
25404
28437
17327
2689
17011
7514
44512
724
40140
43182
41458
9894
44037
21279
3013
26657
12196
30317
9335
41573
29689
14940
45535
32310
47313
15656
26208
10045
24214
10220
19090
11652
4099
36627
14177
30961
33857
905
36095
3647
12071
23844
3300
44903
988
20306
16956
15913
23999
22151
3072
27014
17799
36520
20366
33679
14461
47960
32075
17893
38486
20579
25337
49094
29631
36511
19307
7460
24511
35146
15106
26128
14570
3546
32196
41418
24468
936
32520
39783
29016
29510
38049
16245
26580
20809
2320
643
361
44120
10767
37615
33881
3108
15096
34236
2006
32206
8714
24503
37092
14097
27476
41682
35634
37431
38138
10531
29901
8424
40589
12270
25090
44672
508
2831
23119
21102
44320
32057
15280
17082
2343
35657
1032
46892
31024
28891
28666
34173
620
33844
520
28420
20689
31852
23089
3477
44955
9502
35279
41420
1185
9553
31795
14810
1538
2705
46118
8439
2718
21740
44074
20648
36003
7461
36065
27447
1483
45444
43184
34544
1510
13451
28226
29215
23864
30780
16459
16089
20056
25250
25387
17576
20674
26000
17209
21742
32125
22974
5226
15710
839
50840
31436
3289
34333
19217
33378
33317
34460
43613
26615
15442
29170
28043
9721
1442
29403
44780
33472
23652
2859
26785
25132
12165
10732
2933
50207
15386
23496
25649
8638
26159
864
13560
21109
33756
1403
8993
24792
22147
21082
50140
35145
26963
17492
1058
20387
2287
18521
35724
17214
16716
8468
40478
13745
25781
32564
23051
37633
40770
18974
48178
26734
33624
19009
20905
1302
10303
44418
9876
9625
19268
23493
904
38664
49181
9780
11401
43627
35650
19743
45938
474
25521
3037
18600
24756
35590
36990
13167
35801
15142
1283
35952
3950
12323
14937
30975
17019
27031
16644
12425
36542
4118
14210
25999
19773
1039
435
17878
49850
44932
28144
28063
690
29868
38425
2513
24150
29261
38473
47937
1234
23564
38085
37528
15284
30051
16316
24808
48380
8918
20629
1296
32635
31802
13266
10335
30118
33222
14024
1021
24400
27390
44752
30444
30646
11353
24611
33861
4141
34518
37149
40857
3394
23725
41997
10652
734
2507
8204
43348
29236
2191
19684
20882
17748
44022
27628
7607
854
17899
3401
37870
10534
30073
27282
14633
36072
41324
12325
31329
10687
3170
19018
29834
32427
35088
40765
34806
1760
44553
4227
1789
31414
11708
31019
19079
11526
32903
12009
44287
30018
18854
1933
30353
3511
22239
34678
33829
14121
18718
2393
35129
48279
27929
32451
25095
2560
2965
11539
28622
1682
27595
18520
46169
24606
25423
34094
10477
3132
20117
7541
33103
4208
504
19174
30935
9081
7787
12111
2253
1168
40419
40492
14547
34443
23480
30613
2193
47118
21367
16397
10655
21408
43631
17609
17038
17667
41718
49561
32491
20769
2084
13256
15734
1304
34206
29779
42910
26509
16639
37424
23354
49338
19038
45028
35824
28202
2680
47875
17246
9301
46263
17272
35515
34542
11175
2146
38194
11599
10474
14060
15191
10455
2175
12493
21658
24862
40664
2477
8051
17654
35336
29577
44753
13720
22484
8894
30267
1947
11178
39145
37845
8445
11167
2826
21637
17289
27603
28371
1805
25497
889
39189
2620
31430
22746
26837
38139
44228
32952
46594
29055
44811
19832
34660
21800
24260
20666
27568
39680
24344
4100
24075
19215
3329
39784
25960
22676
46528
16909
14966
43768
17936
26732
28039
49717
23285
37854
22187
30356
36583
30315
2464
368
36119
25916
177
16371
32882
37504
16608
1374
2437
14626
41214
44873
13591
2498
25846
2133
9458
4310
10197
2699
33841
25255
8984
23908
39024
10783
21382
16559
37594
662
45033
8103
13543
33866
21182
49920
44952
32450
9930
13769
13693
30696
3605
36180
40610
1623
30593
31446
24636
11837
50231
15859
12347
1078
1025
34796
11070
17564
25766
38165
44911
39090
39826
24495
807
8008
12934
38783
35042
26910
11639
25003
27472
27270
1055
24638
30266
31540
15930
36062
8229
12669
34969
10703
9308
29629
2958
33744
49890
44471
5878
8415
13652
34643
16574
2147
951
16499
17952
13132
32377
2008
42098
41466
33584
34638
8234
32576
29333
23691
32414
29955
27401
42319
38528
20697
43895
2490
9317
2349
35125
25746
49806
959
20406
2717
41646
3990
19141
37976
43490
43161
12878
1202
13182
13796
36293
3250
24363
8288
42246
1722
27347
1453
24669
28355
43748
42254
3830
29671
20888
9309
2305
16763
13003
3909
14208
30324
33830
13338
46974
772
32997
1260
29457
22436
2192
2315
16182
38600
13841
36960
26233
10387
722
20810
14284
44007
31011
18835
18331
15307
41830
31853
21451
31047
3048
912
39015
37620
33676
14623
29894
21920
28980
22809
10564
10640
30879
15201
44188
1810
40304
29037
3356
44359
40165
35655
47292
45182
31438
15045
40468
7757
547
37746
9423
16970
10771
39449
23059
29422
49749
2197
33029
10264
26596
25426
10795
27817
36516
21915
26919
44073
16088
1382
24464
48530
1546
20489
2773
2412
3412
3808
20954
21213
26925
19583
21160
33960
2559
36149
32225
13524
25283
31954
10612
36181
10326
26391
41744
29655
25410
16564
10296
36025
16052
43607
42583
27560
33096
8362
8785
23190
31085
13882
35357
1948
3884
26212
17598
33719
24783
42066
19670
38398
44519
20553
50597
2804
744
26516
45705
44808
25801
48911
32824
13320
7499
1502
7550
22716
42815
9332
9729
3686
25464
36321
22534
15689
27087
2655
36784
31077
22720
38924
13793
22597
4072
699
45524
2682
39265
8708
453
33002
13921
20245
30449
16985
1353
28488
28229
21412
12875
33341
21739
795
42606
3631
10946
13952
17949
42993
17222
39441
30145
38508
27356
19354
24671
12407
16378
9670
396
3057
26167
18761
30988
15596
2055
7786
29698
42868
46141
31813
11841
31586
2064
31727
27612
5609
35841
10571
7673
36354
4267
25166
29533
18372
31789
36294
27913
33747
24863
31457
34961
9448
38313
28943
25401
9353
32210
20934
389
33041
28738
50242
20047
33696
27137
40616
20268
17621
4249
2293
25705
34807
4122
31111
1618
20065
1459
21751
10181
15516
36628
43449
17344
50852
11378
2658
12714
44670
21814
20456
17306
48734
14622
40661
1262
34972
3691
1323
19295
2651
10366
46966
24803
28934
14982
22517
20219
29964
9772
31211
39595
2771
8642
32527
21197
9784
44169
10561
15605
822
26029
1964
2841
702
21642
6014
19744
2626
29288
12301
21838
23722
12897
50209
5361
31306
45058
42323
45575
44739
29804
32465
46607
39804
938
8222
17121
19424
999
17343
39344
35716
16645
14892
2524
11871
1821
24915
14176
29470
42472
29734
35373
37099
18481
38625
11420
18707
1866
35908
33879
7961
47712
23696
45979
8998
27804
12727
20483
28800
30331
15657
2610
25472
9743
41323
11605
24794
39917
20897
10749
49857
36750
24226
2665
44310
25815
34384
44935
15080
31642
28866
18126
3190
33711
28723
1141
34561
29319
30295
21331
44043
37936
27746
23388
13767
24189
20755
29600
33387
33799
1424
44718
26691
19948
3221
1790
25671
25220
9205
2249
26226
2534
42764
47557
16301
10346
3284
23806
7441
12660
17357
14759
12385
12394
10543
4625
30637
17726
8776
28294
3588
23626
21906
8912
32973
18485
28731
19673
1351
23295
34592
23672
35287
24649
45935
3392
36902
22106
2019
10817
26585
40032
43689
31104
10787
49252
2732
13144
31312
14893
15912
27454
17410
14936
28516
27772
49648
44415
10721
498
20115
25632
9428
1073
38186
45246
42603
1022
25776
24840
47466
25905
18329
9874
25253
12384
12535
36767
32401
29974
14394
8983
20522
1476
27558
5473
1741
852
12662
12962
44812
3298
44266
2548
38928
7391
4437
1809
46144
45032
36162
14607
13938
44565
20218
34628
764
15727
48439
2926
32604
45767
37110
44444
9801
24219
536
11830
44379
13531
9953
12852
28541
24300
31153
22905
17021
38810
34369
38205
4259
50297
33810
26206
32749
14158
44114
9283
50846
22389
2445
32457
31304
38721
879
8446
12334
29777
8487
44309
16851
522
2432
12263
31459
35675
8409
18261
34762
27330
2414
35102
21217
2104
30904
755
9638
3899
40611
42152
27408
31018
19410
24542
33732
26828
7987
9870
36395
39887
7439
38112
30054
40355
8385
36651
22744
32537
17955
15628
3302
37460
26778
37429
33803
42031
22542
39445
23240
10530
31588
15175
40584
7708
23344
39321
31636
11362
22259
20432
20053
31250
660
15711
25310
33033
28370
11972
9323
16598
47967
12687
36458
27034
17169
14258
47640
33213
22651
2776
18416
33032
46143
43556
49947
37114
31394
28190
7575
13462
30899
9245
18046
140
42911
5115
20259
49984
2330
24266
33247
31337
41276
1401
29626
14734
35494
7958
38998
17859
26126
47023
39146
13234
1762
20070
21204
32759
24998
818
33977
46865
42772
50078
29547
28030
9095
27889
35915
20162
21757
18701
18547
44203
16101
13109
45722
30202
2446
36795
2879
1757
27831
15363
12616
42048
2227
24867
18381
14477
34714
28696
24379
19011
1391
14572
25224
43777
10611
2715
31973
20715
48501
2134
15000
37466
1525
12959
44869
27212
11428
14812
2780
38967
36366
14067
21317
11147
32371
39222
43867
22885
17297
29002
28334
18447
39762
2730
22682
2764
27795
36471
33613
36114
575
34175
37939
60
40740
31178
37770
50285
32201
10688
44756
36117
15449
32033
17728
25772
25364
44759
8690
19127
2944
11977
34711
34773
7026
3355
10796
31953
476
10495
17556
3931
2428
8211
23409
17506
2438
30316
24629
50174
21796
3055
23682
41969
21021
21969
9190
45181
45595
8466
4325
332
9114
19416
37333
2953
29482
35660
35540
22983
8426
25626
9017
22657
14901
30372
44147
26994
27954
8355
31402
15943
19048
17464
13076
12488
18141
31851
30410
13556
26705
10548
40063
814
29196
41637
1773
404
40482
20915
9421
20826
40736
13805
36407
29337
4262
45990
37096
40760
31036
39120
17592
27960
29622
8667
13465
2864
16454
14788
14146
3213
15891
25838
1669
18614
1920
27446
43136
2120
34441
32354
29208
36874
46504
46968
778
716
47264
24871
17652
25139
29395
33282
24371
15535
32342
25927
38590
19896
1530
32168
23660
50143
3154
28799
450
17694
42653
14991
35972
22404
20364
36247
9896
12710
1743
3487
22762
32880
25787
27497
29853
27909
9673
24022
3879
16520
17741
45851
16251
30714
24997
19944
47732
4059
2770
2382
44582
16623
16421
44995
25891
43665
12453
4303
36514
20431
37500
33330
2624
31453
27808
9733
28748
15787
670
44573
30280
2930
44693
8866
33491
47853
14897
8677
10178
29808
3928
29383
37296
10599
1685
34786
37166
44306
29393
19351
19013
34586
26280
47482
7843
15798
37422
26699
24883
22677
22844
40906
24306
2611
23834
3148
17176
1088
44855
1291
28189
484
20360
34752
1155
17587
38423
23540
14644
25084
23676
932
13808
39075
38505
41064
44356
1154
50298
17400
32815
42581
35816
8978
41961
34471
17439
12337
50016
23929
33656
13593
19446
16111
39810
35412
1004
12256
14134
9058
45029
28045
8347
38466
2545
35473
29890
11989
25245
11851
1428
11737
18443
24973
30240
32581
2589
2506
20392
36166
3890
18357
27327
8441
18533
20228
2608
33949
43619
1547
33393
17796
36825
34021
11130
8436
455
35579
37345
1191
40762
18901
18903
1195
32636
44788
20529
46834
47701
26435
11606
8635
39488
25274
20894
65
9138
33565
36827
2922
37596
27528
333
16276
24475
861
9075
13296
46569
12034
44852
1674
36614
23824
13963
11765
20604
43557
2266
34427
44754
2521
36573
33048
24288
13104
13476
16252
31667
4253
820
43796
21063
44857
42486
4149
10801
18813
787
9932
10479
7495
29088
15446
18375
11734
49060
41410
34831
7937
15396
24303
2500
45502
16906
20134
1043
40138
35430
884
38168
44715
17706
24970
31093
23379
17653
37833
13444
811
37338
18727
36938
35626
28564
1686
5263
31926
17078
12870
38981
23771
18615
8031
25383
29399
18535
1826
33028
28599
12868
2580
20430
19567
31004
31612
10598
19172
43018
14860
33242
25462
27477
46586
21246
3110
47169
37775
12623
15826
37952
31268
39719
26726
9580
653
3926
5138
2955
20562
48788
5060
45855
2602
25617
39322
2028
24126
33883
11693
37171
36215
27770
17957
4191
13738
44536
26008
7942
44054
16743
42875
21844
38848
35606
34373
17496
33975
38601
18630
38773
37293
24842
48000
3295
1153
18446
30675
2751
23211
17369
31555
34030
9860
11637
16443
8109
19972
43752
28321
27256
9712
20462
499
23860
16621
33737
24033
3469
38976
36772
25385
47130
32907
50896
25724
7429
40915
49856
9453
18136
573
4372
3507
44896
2059
14859
697
44225
21579
12921
9606
26608
33316
33963
27462
1329
22518
2406
33170
13375
23997
40232
26701
41587
12814
46451
14970
23113
24708
40431
28793
49148
4352
24730
36250
15526
48731
44906
44298
24711
44500
7876
39068
25058
14867
21124
31006
745
14917
25931
14832
32456
46108
25101
39274
37957
20896
36044
8353
21202
26295
35891
36791
2555
5365
42091
38157
49041
15404
21878
48072
2760
22681
36623
33745
49833
16627
37045
23515
33692
1596
2775
2269
30238
549
42483
44541
32745
7318
34348
36652
35803
24134
9289
31777
44341
38691
15411
980
1456
35709
21234
48862
9177
989
17440
1485
2370
50092
41702
9914
31703
9052
26692
14272
12328
39316
33902
31086
36697
48001
28464
18135
175
43789
24633
33706
43788
36865
13197
28836
4270
46833
15788
44362
23443
44875
21728
34434
36679
32792
12753
19265
42337
4343
3445
33805
12646
34147
11783
30123
32639
9564
43306
3996
1646
35487
14395
14216
21774
36022
19510
15227
41663
19450
23677
16990
14515
45591
21009
28451
1642
8999
2845
40681
45090
20241
34692
1936
37289
47282
30212
2429
32053
28580
35185
2332
36086
24936
30564
16506
12403
16280
19862
28308
11696
36167
3082
9304
11191
19794
42212
29286
14903
34710
32868
3149
32124
48830
40948
17756
46772
15729
34677
8464
29121
44611
15452
19610
12644
3325
3105
15047
8917
40530
4083
8263
2198
21667
2747
20773
19100
26379
41522
50288
45106
22987
18717
35794
12206
12915
1068
12296
26107
21329
15520
31631
3189
9087
2425
49635
18689
23570
20743
45046
47815
15903
36755
16898
1255
1853
784
873
33749
19431
11005
40192
40997
801
12254
27402
42223
42051
14696
10610
7591
469
3068
16550
4021
47470
22214
14393
46362
47145
40775
15607
17403
35431
1475
16436
50779
8670
43406
19070
24310
26810
34302
36123
41199
2827
1128
26144
48601
36237
34939
42592
36255
28430
625
3640
10905
22635
44560
36667
23721
17918
47347
930
45317
49245
26017
17986
8022
38887
1639
16163
17057
37348
11354
45350
38617
32874
20531
30426
16892
14044
28757
15648
18465
29802
37231
30621
4056
13285
20665
44870
24055
2158
43596
33828
21809
23100
3349
19213
36633
17109
8087
25312
21564
3315
47328
42651
29590
50052
663
3199
29938
30943
8026
12953
16799
34035
3485
30137
1261
25272
25791
31396
11975
32809
31243
39333
37497
10923
8447
19735
3120
40008
16500
32835
27613
24072
12197
32272
23615
40291
2357
36398
1833
16624
2440
25677
31241
41419
34099
30978
11964
17056
9534
23199
49110
23477
985
35566
27663
9506
16982
2468
46606
34439
32650
14706
43164
46519
2852
31932
49510
30228
22743
22564
13065
7822
16220
30663
14170
23361
26424
30963
42475
21463
661
44236
37210
11767
1433
28683
45069
14669
3413
9488
28613
9337
34395
9556
27196
16720
20499
29953
20710
1701
25487
35752
12820
3851
49461
15870
25893
17286
551
8435
868
17732
2160
28726
23959
9781
12523
8869
21571
11185
49899
42810
8895
21117
15721
8719
14360
1832
4917
3437
33807
25870
402
13972
1550
25395
26273
48935
38481
32445
3727
4081
50893
32397
29545
35712
32594
1085
7817
33992
28819
38731
29720
3304
27920
24065
36455
39050
9636
21205
19299
32577
21678
41846
9153
35306
38192
2629
29443
41874
45873
7551
17229
49028
19112
464
33892
27276
34983
25159
37705
20026
18932
13288
38927
27480
2522
3301
17791
2230
14162
32886
8981
3233
36639
12770
3459
39982
688
48796
10983
34162
21003
2949
26307
14429
25368
15742
25859
50251
14282
32488
29636
1758
9066
5751
34743
19614
40839
43873
11654
33607
28074
16924
16677
40352
41134
3050
492
29427
14006
2536
36050
31641
11676
26088
44258
921
39132
21146
11328
3892
33760
35418
44491
45071
8827
31444
21576
33974
18598
21332
36199
16600
44897
7869
1655
488
24985
34832
14603
16739
18558
18333
7294
623
19693
20632
28986
18672
41263
42914
37150
17126
13869
22686
16478
48667
19145
45460
14964
43422
14697
24483
27977
853
1256
40073
12656
29092
27715
26920
17469
9878
38370
25351
37900
23743
1582
15831
32007
27291
25243
25333
15185
19770
23852
44084
24273
33178
953
19247
5659
44940
2448
10777
12320
3549
38200
35532
22763
34759
25457
21249
33970
19023
16053
32156
32409
47400
50171
29335
34301
48712
10420
34444
26245
30149
37136
36171
3223
25857
24472
22081
31124
1711
42670
42449
49505
17093
35669
26913
1514
24341
37324
7772
13436
46980
39681
3157
3237
3844
23557
32334
12292
19144
15812
19042
30641
31704
32028
39892
18709
23428
41210
21193
41331
40497
37472
17168
29942
47382
19485
7452
13141
20284
16582
2125
50276
7498
1557
50887
26425
8857
20308
23914
28475
30307
22438
39857
14963
19575
18468
18719
45939
38344
26687
34548
44529
13927
17444
44783
17424
13792
34449
13646
44254
10152
21663
1983
2542
32637
10330
43804
7515
44394
16584
34826
32400
8980
26152
19617
43794
45027
21388
43980
15126
2397
2517
3436
596
31817
9446
37263
15239
33134
16013
13149
11608
15643
7971
27774
44594
2737
13535
26141
33149
19692
22040
17347
34976
12412
31428
14593
33714
20280
18499
21403
3451
14295
24267
17898
47217
45952
31159
13248
3174
3959
34740
34396
44803
926
34859
16404
16472
38762
43158
40879
2956
36746
1221
18362
45446
19168
530
44641
14628
10798
10551
44110
9731
32420
16512
10789
39116
25498
10981
28325
12451
19398
3306
554
26059
9203
38458
19415
7599
18470
46685
1842
38864
17754
3835
2378
3337
37473
9284
35994
2296
30518
39642
12739
37288
26155
3040
45941
8728
13322
32506
36330
21916
14885
19747
49623
39157
2757
42776
1999
33287
15939
8688
11389
27638
1463
46199
12455
34338
49815
39098
13726
30308
1355
43203
27645
24818
30788
41743
1571
35860
46913
23172
1290
30380
23588
24333
2515
36103
9778
358
20271
13301
34238
1227
19022
28682
5692
3967
786
33357
23767
2362
9507
23130
44561
44273
37077
37181
18316
31080
40935
2173
2250
49032
21857
16565
7988
31437
32916
18931
34445
19101
12290
30437
2590
13980
34120
21639
24740
18641
45802
24963
14647
8260
2163
10757
42981
37368
14168
13043
25045
10766
24028
40285
23304
36446
32530
32049
8953
46878
3748
10321
25403
28611
14001
12335
2140
25234
871
45166
27308
23825
33948
19305
36537
30558
41722
17414
1143
22861
46448
10502
23537
20538
15016
19396
1882
12031
33809
1560
16759
43664
2553
1216
36959
291
24068
22710
22565
36981
22867
30452
32151
50122
34501
34387
1288
34110
49030
26987
37516
38925
1305
5801
30418
23058
28168
21589
3442
26445
23235
451
12883
24466
10073
16979
25694
51248
22403
28876
21442
28940
13770
24810
2543
17015
1389
2470
30319
34980
47921
20530
26978
20151
25165
18624
1852
45374
39561
29176
17691
23334
45004
3357
24172
4930
35535
34189
16978
27436
17315
34546
29204
21059
27508
11407
14497
17803
39699
27914
23124
33846
23790
31729
38360
22772
50219
33721
2403
1024
51172
19276
18342
32199
15543
15746
1200
17541
49154
38934
2671
43858
35395
37522
2731
35846
9116
25481
2473
443
37261
40554
37098
2301
11727
16081
4280
44416
26110
3483
31116
35439
9040
36246
35662
36856
26508
29946
21668
26916
46076
12857
34363
23708
28991
34283
16591
18083
1693
7716
39500
40094
48295
38653
16540
17237
45555
7870
22816
7597
21681
40299
9254
21574
43658
12401
26251
13096
2419
3596
31602
20281
14797
24568
37282
20704
39301
10715
33108
4462
2855
18168
10538
15979
36236
30230
17324
7526
10582
32542
8644
33064
24459
27885
13706
18862
19774
7560
881
19956
41576
18828
44858
23474
30055
19375
32877
2792
16160
32426
38815
39789
29850
31929
28727
1125
14791
4077
2229
50155
20181
42068
32817
7537
28966
29641
19573
24120
34499
42100
9024
20658
8407
1292
11002
26781
45079
16509
37105
10804
9374
18065
18889
22923
19173
10760
38698
40155
22942
39086
16586
42073
28035
44806
8366
25041
33255
11366
8535
16746
30572
36933
29135
14933
40374
1897
41081
15716
33059
40007
31523
50587
12665
22136
15552
30474
12410
42579
19393
47401
408
2394
39044
29756
28159
19681
26665
14803
809
9229
8964
36066
1077
30271
36462
15682
275
23953
45039
22140
2600
35981
14058
24053
704
23418
15301
33263
24876
18799
10022
39860
39752
32452
33934
40027
24994
33152
30197
7636
31939
33273
1591
10457
345
43463
634
24308
2035
15304
44503
31770
1600
38830
8797
39880
17626
9450
1858
44954
7523
17457
44518
16745
19037
44809
49802
32515
24488
23840
32449
25375
10044
36742
1405
33367
39305
21583
16115
37191
22278
4009
20417
25955
25348
28208
3231
43662
7887
377
40382
25585
9077
22355
28797
38361
46269
22640
39829
10824
491
3163
1370
20651
11659
11650
21108
36821
34520
20751
29562
41024
12084
35338
28132
11177
36183
44424
40643
1619
13994
44494
32429
44293
3531
24054
45096
8420
36733
16021
3311
1954
18857
730
30358
3205
32610
45723
17685
30224
14095
1193
38788
12864
3702
44431
47838
34140
2803
35223
29151
24041
18106
11660
22644
42234
9404
43246
3418
1131
42783
23238
40004
11190
39573
12211
21662
33365
31382
10594
11674
17188
3014
19230
9234
32539
3206
27773
3493
2857
10369
31341
4332
3358
18519
13421
42072
3204
27586
544
47013
23079
2400
19920
35940
12216
45826
37349
10553
2386
19118
16729
16006
39658
32946
3043
2914
3733
10661
1980
13372
8812
33093
3827
3175
25953
37419
12063
36139
29285
49160
1045
14995
1974
14760
32036
23653
20903
13821
41649
8967
26142
40534
31307
24750
36182
24221
9714
22633
42635
1887
2353
35645
37273
25902
34867
33946
27129
18762
11432
42588
33898
37656
15382
16357
41584
29602
1929
16728
1886
1490
23274
2903
14164
31935
363
37874
31308
34898
28118
23039
1914
27553
7783
21941
20721
47661
4037
39687
2746
41151
482
39749
11723
13583
6477
18111
49037
47311
46100
32692
49670
19626
44342
50170
10354
29357
35249
8084
44428
39633
8833
29696
28931
28427
16815
47065
16740
45171
31832
41212
33113
13789
2512
26766
44160
2614
15624
12375
46598
20479
22894
2190
11359
37298
15820
49360
1437
24580
27924
13129
1506
27265
48197
13490
38688
12260
10307
13592
36600
17650
10503
27518
3579
13623
2170
3224
35443
35985
16049
781
32727
2713
23220
34145
23799
24912
37707
47140
47818
20824
49951
23952
13567
36549
2467
37141
12332
20334
10803
31581
30949
19595
19750
31173
35429
45624
43280
1650
39965
8945
47041
27040
38460
26030
31597
12469
16266
2454
44047
3070
1797
33981
29224
42861
3961
14660
2404
9199
15546
50661
17575
22011
22618
36568
40397
35770
2724
9942
8805
45778
22766
30477
25929
24983
2970
27629
43991
44965
31078
24630
14841
35462
17426
3839
32728
30491
38292
28052
36829
50188
32055
28500
424
34590
33673
478
8674
32052
11512
3500
11533
8976
23370
529
44709
15207
7488
34578
8187
26589
34325
37438
20288
24829
28001
37955
36191
19737
34063
41082
36271
876
31230
14049
8831
7846
40367
20813
5528
19010
3886
21907
8790
2863
1157
27864
25539
31531
2387
41748
13672
2237
37048
1282
24993
30075
4407
2649
15536
24622
44598
34370
10642
22152
7986
22433
14847
50237
33099
32987
40785
1955
30101
22443
43967
10727
33297
5858
14165
3155
28659
23490
5491
22854
32678
1023
36637
15998
1747
22971
10650
21069
36670
30891
34685
32169
29344
11826
16857
30898
11808
40381
17394
17059
14213
14624
21405
13010
20991
19360
20960
12172
20050
24272
3286
7833
33116
2034
24678
3111
4287
17028
631
29858
32121
1420
8808
10217
48540
2648
28860
1795
48974
22190
37207
26241
25618
22646
18410
20145
45930
1346
34834
30787
19169
32413
45021
36657
9373
3061
7801
28220
19194
18160
10955
30203
16327
33784
29738
31045
500
33494
16662
36701
7233
45340
34619
3137
37481
29001
21106
2005
23526
13123
19986
30976
22769
35128
37055
32555
9735
35783
15002
3321
39577
2569
33788
22269
44288
2231
24491
25079
33570
3029
36381
46832
1163
21543
29618
14359
28519
24224
14055
18651
26012
4238
13520
22833
31406
27769
18395
15357
15385
20639
2171
35587
32233
1691
10500
44140
28346
34926
19324
28722
38211
10772
31587
23064
3655
24115
19026
32818
3962
14825
32009
38383
50094
16037
510
24675
31016
16464
10100
27441
44056
1179
1104
20310
35440
44438
31059
27236
14004
2145
6819
27946
29367
26792
21940
10499
1243
23436
30153
14178
46058
9000
27520
4087
43935
7767
398
23606
18349
2345
33038
28643
28926
12345
47813
22807
19471
19483
38527
35224
20138
44768
29744
16261
16820
27258
44874
44368
14186
1943
33546
1521
44053
7934
28828
9835
46440
18640
18177
22482
2988
29044
31034
376
44103
24082
23616
10634
21607
34027
18057
1109
14486
29220
47327
12933
28539
1868
44849
44574
28814
14156
29693
34278
18165
44544
8800
19685
18164
20552
1631
37899
7922
17611
12163
14484
1308
25731
32638
29262
36622
29140
26456
33718
12028
25794
796
41864
18586
35922
41436
1597
44949
40885
1189
18543
31112
35332
11852
832
29485
8154
17054
45804
17571
41628
1287
32791
26214
35453
18819
32546
7216
17601
32082
28942
19501
1402
14541
2964
43981
33321
36094
11098
9339
18534
35525
2100
49506
41164
9465
17211
42407
25907
25373
197
24864
46568
35089
8868
23994
1091
14950
30457
9447
31919
32828
20698
12955
27626
29360
18593
24154
2787
36751
13780
12317
18518
31417
17769
14725
1478
35986
17524
48842
13581
36812
13116
27793
46688
17144
1848
21413
22211
32590
22660
3720
8819
7950
28444
13716
41075
39572
1840
15654
15895
24295
47203
31305
34234
621
42043
11036
35571
28795
15387
28496
23924
10605
44406
17191
42350
18858
8768
41490
44946
28498
48644
823
32505
37109
33262
466
46166
40913
31708
1380
11148
21635
16735
8815
525
23892
12371
25674
29382
40719
16722
29648
8131
15775
31664
20007
24723
4696
8484
44307
11164
21680
33838
43620
2364
14122
8223
37490
23205
338
17559
33777
15040
36927
28439
32921
9945
3089
36905
35030
20783
1118
2091
45819
31342
8089
38193
7875
36961
30129
804
14239
7680
33997
24831
17826
30852
15999
282
17715
29145
18587
1395
8068
31810
23592
48852
34668
38048
2431
43938
49604
14182
20768
44640
37519
38509
26455
39610
33858
28711
12353
350
8199
35289
8658
15414
552
8933
13125
26006
35324
23275
9413
1834
24866
19667
1289
18373
27764
447
37199
22432
25468
21943
21465
0
33228
46196
24066
36477
2258
14112
32453
43776
17284
10995
16864
31245
21446
47881
19258
38449
17238
41978
21115
1738
8161
32337
15631
27571
15261
7384
18227
27625
37292
45600
1862
34299
3274
49711
8775
7655
47393
10609
8961
42123
45427
29430
33185
23574
25480
33842
26015
7309
14899
5063
20850
2791
44361
31255
27683
12949
32416
25367
19907
3135
22107
48733
16840
11884
30804
1928
29759
27036
32185
36280
12626
16974
18665
22192
10750
40710
44049
2836
2300
9146
47052
21732
35769
36594
36488
44039
41316
20482
48800
425
8874
19030
7574
36406
16999
920
23547
27421
12912
38820
38831
25990
16072
6367
42954
38882
41611
7513
12749
25296
21189
44135
35938
43751
26383
36409
41015
28368
22193
22126
12047
12931
17227
12791
36194
18023
2273
774
28198
2117
12006
15985
11419
8663
47020
42466
7573
40930
16405
20716
45245
24782
30416
900
22430
18418
42560
33015
47346
22678
37224
40713
1041
28654
24918
41409
7885
1732
28062
44181
18400
25027
41297
21215
35711
36151
1046
24433
15426
15012
30916
38987
24290
10384
1822
3020
49356
30843
13650
35321
23931
48250
33817
10008
24073
32032
48148
29817
7529
115
2338
41633
30085
21909
24877
40686
16609
20714
23413
16247
32585
4261
11030
1224
1520
531
33523
10225
25189
43062
20116
14139
25709
35963
49701
28584
27529
41728
50217
2809
44102
12153
11736
10261
29018
3439
2571
19058
26826
22758
42376
34922
26960
293
32899
35602
2584
8709
40949
35296
1325
18895
32116
42284
12614
49235
26160
25505
17175
34995
17688
18440
3305
22653
26767
30227
24690
47309
32979
16833
17581
26463
3103
18602
1011
28871
28300
14942
50230
31076
611
20126
29405
17030
2924
23244
46012
968
17025
9665
8050
7588
23046
45978
10736
1533
42005
23542
48227
28952
946
14920
36616
735
10334
7489
34919
4033
647
24682
19647
2912
32995
8063
14666
30776
14153
33864
36592
4008
15410
19140
12650
46982
25516
41771
41968
592
40035
3626
16596
15432
39193
1108
37108
3318
29825
8769
11853
34468
30253
35242
624
31264
462
21302
23390
2274
2883
360
18094
33323
7522
33913
35285
18526
25878
17131
32870
13286
45077
30041
26841
16602
18581
34538
21259
34886
20157
43652
3581
83
1412
36109
24251
13284
34626
47627
21672
12368
9723
42077
15635
36700
14591
20493
2537
47004
29681
16535
1952
44159
22248
22886
31902
44798
19805
37148
27917
32115
28231
45060
35673
17962
28880
10065
12476
19772
26958
12711
28073
390
6785
33897
24870
27810
10202
8865
1259
3147
38644
3751
1624
23246
49878
24369
15517
25246
37300
2641
44669
34076
10428
1728
11638
9137
35184
29975
44652
532
18887
21145
10328
18161
13241
25597
44116
16914
1190
41067
11914
50836
10545
330
32193
15102
18806
20599
32632
13970
38506
40990
16613
3073
991
17185
32509
512
36561
16331
31754
47649
2167
13163
14877
31456
26406
34497
20771
13499
43261
45260
22045
22788
49111
7718
30548
12278
25836
1776
27833
20618
7587
13561
30883
35605
32331
31160
25131
8676
20519
20546
35601
28006
15923
3296
21026
24216
2282
25922
44128
2547
4216
35589
17998
45603
657
44586
34452
9950
789
9176
18401
5509
24206
47262
41166
17590
22671
30152
37062
567
26970
1932
974
2568
844
19612
25873
1577
36039
2905
20793
385
1062
1580
2123
22741
49158
40644
13600
11649
40898
393
34259
50117
10270
35884
15691
11043
43988
8227
2299
13463
9192
43061
27202
15329
20267
29283
2219
27463
1172
35615
4180
46538
21802
18673
21067
11682
41374
49320
29576
33261
23065
27535
27489
29248
20917
2013
7993
16317
28457
15428
9271
43747
11039
47698
41048
12359
15206
39009
30634
31907
23527
19963
17105
5667
3407
14786
14185
17340
41268
41213
2275
15941
23348
20902
2794
44376
3344
9208
22599
14232
20333
42417
1263
2469
3075
1204
42328
15320
44033
18396
23533
11850
20199
16887
42462
17090
24399
2720
29966
2221
28628
24728
33755
23278
30557
20757
1134
30551
32909
31053
38514
9540
8241
23565
17503
1105
14636
29523
14457
49602
2839
28367
43345
36664
22357
10991
25875
30284
50109
28339
36937
3054
32443
19719
803
17276
8810
14338
10043
1915
44784
43823
1537
37204
30555
36613
39207
50222
29861
48736
42852
1465
8958
33956
41619
8402
7709
23414
8140
20738
11149
24719
43455
1407
8334
17991
13799
855
14092
1044
15145
15140
37848
22252
20949
12974
9652
5538
11740
37792
32825
42079
1013
44617
18016
46449
46203
25251
490
32667
16845
32348
10135
22771
651
27544
30321
29077
29943
22755
24076
3741
22637
4011
48863
30167
1388
31739
38100
44495
43404
35514
7521
31083
8889
1972
16020
21192
47540
8253
3146
22289
11952
28619
1774
31629
25150
35643
35656
8459
14935
19156
2493
32763
10943
36796
35965
22249
3203
33905
4055
24034
40272
24425
35409
19035
23788
38033
9070
29499
35105
37758
43053
36501
3336
827
869
1872
28874
364
10702
28834
46308
21338
17920
18722
27923
997
7448
3141
2156
17853
32861
1136
10144
27001
15341
2180
26271
2209
8073
9586
11107
31223
29934
44802
45836
3489
2318
28533
35189
22410
20513
41253
44658
47821
25588
42586
15994
29053
24768
47503
10486
7101
22851
33588
32164
22087
8363
21553
2937
3194
35484
30760
32713
30563
21410
44893
31749
42837
8302
1916
14634
46629
25666
34295
30330
28281
49441
17067
31225
8694
32532
29489
1641
36054
8465
22377
940
18837
21727
19604
35679
40725
33007
36178
1451
15148
43892
19789
19984
2211
3280
14795
14604
42989
30674
24177
25338
23561
11047
14172
1913
30058
39525
23873
10480
3133
45052
11033
40303
32227
39315
2977
49687
38534
10648
9547
1082
761
25972
11945
10033
23963
25491
34847
14730
15083
17298
27297
31906
22575
21425
26860
41445
2177
11160
43356
44077
17617
9904
19723
24080
3127
25824
40950
18550
31980
22725
31981
1539
28365
1658
20155
43278
3634
27189
1555
11712
41302
36097
10397
44400
1464
31359
2099
47351
41538
1989
17127
46836
4220
923
960
25517
8371
45862
43762
4184
23838
1763
15113
19886
37146
30611
411
32736
1123
3877
1906
17633
24815
2113
1709
21946
36849
46747
24744
13826
26355
1472
32974
23916
25102
10945
29557
1129
2998
16172
21130
21777
44605
1180
34713
2723
18919
17704
14884
22579
40365
33762
46333
43963
11528
11136
44747
47952
31042
22738
2505
17504
39686
11553
23733
26207
43992
28585
50434
2309
37508
17942
32422
400
8419
35686
15136
43624
15156
31595
34132
19587
11053
1182
26090
36130
1031
14169
23870
31886
21212
8252
2277
24584
19843
28672
978
34382
44707
37316
1770
26433
12821
25482
22948
1765
28825
3255
20054
30799
23791
8979
30664
3679
20637
3729
31226
29175
16517
48963
35813
40526
32528
31416
44004
15601
25609
10990
13236
27619
12304
1467
47161
1107
40364
31474
17415
43295
29971
39238
21161
13551
20748
34803
19178
44195
13363
44615
34324
35961
30580
49778
19572
24674
38432
2908
32905
20564
12178
44708
46398
40756
38519
12668
13328
30210
8962
10638
11392
35251
2982
2532
983
20010
1956
2452
12180
13416
11673
17219
43772
16707
29954
533
33914
11119
41230
40400
26492
7145
35304
36108
3236
21142
24857
30622
23434
8054
11402
1573
35918
21935
27121
31632
37471
3218
627
30948
11145
15324
16980
29218
27266
19263
16134
2246
37189
10704
24011
44856
40271
39918
8963
22986
44730
23888
24050
39993
36375
4043
45478
7808
10179
16065
49314
34304
43939
36552
49449
3320
47323
30164
10739
43990
13909
37852
34642
2447
9663
29043
13741
11045
38028
7552
19912
20141
15663
9776
24141
12590
31984
19005
25455
41442
17045
47269
32670
2931
4308
7926
1620
33754
31025
25086
36777
44036
3805
25185
22727
11699
17179
4168
12329
23836
20184
15349
687
24213
10540
21058
20539
15125
47729
28044
47998
23759
16779
25605
3001
46659
5490
36469
39300
4251
39091
48032
8989
29789
26154
15938
35209
4326
28538
14327
3276
13622
33629
26894
28180
36102
20621
556
23706
12943
34015
27597
41999
2921
1978
14046
10341
16983
3067
10723
17329
1746
47743
29425
46814
50142
24982
21198
4171
16477
41389
33244
40508
3316
4140
2096
9737
48270
33785
34285
28732
366
11374
2054
2080
45625
42629
41571
32478
43039
20568
27272
15653
20643
12854
18350
843
2668
18453
2050
31404
44296
9258
26637
20331
17155
17362
41239
28193
8217
24063
40429
1979
26095
13133
10932
3470
42150
37340
3800
22865
36190
24976
32311
8723
25714
431
39643
27289
28068
30038
28841
50144
21927
29630
18391
18496
8792
15014
15832
1314
19599
38742
50295
46219
3428
35849
28363
9795
15616
32006
16741
34556
11787
10713
19311
11530
9264
9973
41841
1188
26213
23871
28524
4333
12314
10096
35340
1237
8747
9124
847
16651
13949
33750
8481
23544
30857
37477
27654
12300
14418
36624
19312
29446
18384
8090
34852
34247
20978
27475
23979
15940
34483
39376
3267
17804
19671
50856
28273
2616
477
3342
25089
20967
1121
48243
3290
11184
18270
42295
41488
9219
15443
22828
821
34481
9995
21155
21429
35637
37869
24733
48727
40764
15833
29051
1083
28878
8394
1271
17788
44012
17326
2453
1662
4630
29494
23695
23655
11834
36362
18674
3166
2508
2480
41840
40863
8781
22348
550
22199
5172
42668
4348
16836
10567
10740
33568
30059
36018
43430
43129
24962
2748
3438
3565
27959
17628
31677
37094
732
33530
2442
29686
26765
44521
2557
9250
20185
38364
14424
36702
8384
3968
21612
8884
35244
41936
10671
37066
20381
36482
39352
30310
44358
353
8680
41764
41157
28715
1736
945
21262
2829
15281
11192
42038
1272
3022
35278
26177
22705
12916
37971
22631
9183
12559
13582
35017
29570
24095
7582
12947
16515
38719
10265
38180
2677
35687
31778
46608
18385
17671
37958
1386
11715
1488
14323
43119
25989
11690
3479
41129
19593
19721
34077
34158
44785
22629
15137
13077
8779
23218
17983
27890
11713
25985
19598
32592
26174
48728
4258
32398
44889
8947
19497
13247
42501
12201
44357
20404
35694
11461
3009
22525
31766
36826
1084
1894
31220
2359
1759
41591
1144
50213
31219
1119
15455
47779
28583
3379
16029
34231
7891
32722
22424
20822
46810
2999
7760
27479
19918
9350
33176
33298
26683
46419
13028
28173
21952
25292
37326
19541
23340
20754
22934
43212
2118
41536
22367
4173
19139
46370
28152
18319
35437
44336
30151
19801
33748
3405
1912
1232
37434
23085
13755
29313
8085
46922
19348
16907
1775
26043
47749
35331
21479
24688
16588
9026
29525
48868
19909
1477
34364
1692
3509
21068
2032
511
39663
44129
32395
21494
42506
13563
30950
3192
20024
24122
9614
2188
18147
31097
34854
2256
11979
22300
34769
40348
8960
20258
22949
965
20296
18263
14466
32795
33995
27515
11656
38622
9151
45992
48537
31473
21833
27790
10376
29466
44777
10133
16968
34775
20667
33896
18493
46310
3389
32479
19505
49053
12560
1165
954
36341
7713
14539
25294
33912
37341
39311
36175
2284
2232
39096
46206
8804
49753
44164
47372
38880
24246
47642
10196
1236
14620
1653
31744
30868
33953
416
12259
41415
12939
32565
45808
8636
42402
29762
11844
27741
20524
30220
15858
22585
3481
28826
9166
31716
7050
35142
19138
28964
1394
59
10775
28544
11393
2520
44050
1114
43097
17265
2869
11981
34032
29448
49166
1562
537
33398
12026
15339
35246
35838
27104
25682
33704
32677
30002
36942
33870
28965
2289
33264
3258
2351
2280
17273
29331
50162
21817
3956
22625
13244
3063
32467
14322
36026
15022
32408
9088
41976
26939
15555
3380
42033
29879
19686
9092
40156
32294
35521
14955
3047
10593
24537
23145
24821
39127
19880
9620
3923
24000
44757
25899
28662
7686
44197
33626
48629
17204
32945
1883
16789
26020
35814
32775
32547
3107
22770
17285
28625
31467
1780
26567
47083
15527
30476
36083
42999
27827
14802
24101
35015
13052
12893
14582
8673
1264
48493
18607
13326
1740
18390
41869
36002
28917
48511
22994
40387
28071
20498
1427
46595
33906
13753
26475
19905
3035
4063
14646
47803
18781
3891
43421
14642
28270
4336
35444
11381
34019
45417
43575
23442
1444
30665
15009
33459
10184
43994
1334
16338
18363
24044
34025
1003
8261
47953
2195
3725
33837
32079
527
44492
9135
13246
14364
51080
16212
7764
10744
682
12620
32764
16901
28535
41872
14217
4269
2421
49351
1681
1146
1298
50289
12322
35910
20167
798
29250
1230
31530
16315
17438
29657
23596
41088
9027
29788
44078
28292
42371
36467
31098
43659
34426
33614
8952
23976
629
8082
27070
16231
43986
34184
16981
1584
16244
27375
8216
362
9048
760
45491
19155
1135
29958
36962
13739
12909
38359
33265
336
11790
26538
2544
42642
2297
21054
18069
8395
34802
846
3762
21877
13066
16603
46741
31988
16145
12145
27563
36348
10752
27471
49251
1873
27732
50127
12109
3731
49718
2758
44526
35993
24566
22159
19317
36681
2714
19521
8406
29480
587
9167
37506
32344
23269
23709
961
23316
18642
20328
40341
44472
3343
41395
12103
30301
14558
31521
1589
16876
25800
19734
615
1950
2778
28042
2642
40503
45345
30545
39078
44303